id	num	neg|score	neg|p-value	neg|fdr	neg|rank	neg|goodsgrna	neg|lfc	pos|score	pos|p-value	pos|fdr	pos|rank	pos|goodsgrna	pos|lfc
Ctnnb1	9	1.1209e-05	5.4846e-05	0.012615	1	5	-0.73135	0.81104	0.81006	0.997841	177	0	-0.73135
Vhl	13	0.00090253	0.0041833	0.373997	2	5	-0.56167	0.934	0.93198	0.997841	212	0	-0.56167
Smc1a	2	0.0027005	0.0055195	0.373997	3	2	-0.90054	0.9973	0.99735	0.997841	229	0	-0.90054
Ctcf	8	0.0031094	0.0099571	0.373997	4	2	-0.17396	0.71602	0.71485	0.997841	145	0	-0.17396
non_target	10	0.0036966	0.013009	0.373997	5	3	-0.39422	0.99253	0.99295	0.997841	227	0	-0.39422
Smarca4	7	0.0036993	0.010416	0.373997	6	2	-0.29748	0.91925	0.91911	0.997841	202	0	-0.29748
Ezh2	4	0.0050165	0.011423	0.373997	7	2	-0.29588	0.52743	0.52649	0.997841	109	0	-0.29588
Bcor	6	0.0093957	0.025115	0.64182	8	3	-0.49942	0.98915	0.98921	0.997841	225	0	-0.49942
Sh2b3	1	0.01264	0.01247	0.373997	9	1	-1.1071	0.98736	0.98747	0.997841	223	0	-1.1071
Arid1b	8	0.018574	0.045298	0.744184	10	2	-0.21448	0.8953	0.89475	0.997841	194	0	-0.21448
Ccnd1	4	0.020765	0.038048	0.692749	11	2	-0.61235	0.99768	0.99784	0.997841	230	0	-0.61235
Pik3r3	3	0.02092	0.036244	0.692749	12	1	0.65447	0.051071	0.087789	0.832156	23	1	0.65447
Tet2	4	0.021376	0.039155	0.692749	13	2	-0.56396	0.85193	0.85231	0.997841	186	0	-0.56396
Socs1	2	0.023271	0.028216	0.648968	14	1	-0.33379	0.37178	0.3704	0.997841	88	0	-0.33379
Mtor	11	0.032963	0.077837	0.811179	15	3	-0.065832	0.369	0.50434	0.997841	87	2	-0.065832
Max	1	0.052903	0.053007	0.811179	16	1	-0.74948	0.9471	0.94731	0.997841	217	0	-0.74948
Inha	3	0.053781	0.064624	0.811179	17	1	1.3092	0.0036121	0.0084513	0.304554	6	2	1.3092
Gnas	4	0.056801	0.081118	0.811179	18	1	0.068153	0.77385	0.77432	0.997841	164	0	0.068153
Foxa1	13	0.064276	0.14224	0.999556	19	2	-0.25992	0.2418	0.41827	0.997841	64	1	-0.25992
Arid1a	3	0.064569	0.074297	0.811179	20	1	-0.5061	0.93631	0.93567	0.997841	213	0	-0.5061
Flt1	3	0.067254	0.07666	0.811179	21	1	0.22276	0.45851	0.45766	0.997841	102	0	0.22276
Nkx3-1	1	0.067884	0.068194	0.811179	22	1	-0.69358	0.93212	0.93246	0.997841	210	0	-0.69358
Dnmt1	1	0.06882	0.069201	0.811179	23	1	-0.6943	0.93118	0.93156	0.997841	209	0	-0.6943
Rad21	2	0.072602	0.074975	0.811179	24	1	-0.59056	0.94142	0.94056	0.997841	215	0	-0.59056
Map3k1	4	0.081644	0.10134	0.932339	25	1	-0.28105	0.93958	0.93867	0.997841	214	0	-0.28105
Kmt2b	3	0.088542	0.096395	0.923786	26	1	-0.35572	0.62157	0.6216	0.997841	126	0	-0.35572
Cic	3	0.11469	0.12046	0.999556	27	1	-0.32239	0.77921	0.78025	0.997841	165	0	-0.32239
Rhoa	8	0.12381	0.19893	0.999556	28	1	-0.024436	0.51555	0.54601	0.997841	106	1	-0.024436
Dnmt3a	27	0.12776	0.28882	0.999556	29	3	-0.23029	0.016637	0.074885	0.782892	17	4	-0.23029
Dicer1	1	0.13436	0.13484	0.999556	30	0	-0.50905	0.86564	0.86666	0.997841	188	0	-0.50905
Pik3cb	5	0.13486	0.15848	0.999556	31	1	0.027738	0.9254	0.92575	0.997841	204	0	0.027738
Ercc2	18	0.14989	0.28737	0.999556	32	3	-0.010873	0.30292	0.50883	0.997841	76	3	-0.010873
Traf7	2	0.15025	0.15072	0.999556	33	1	0.032011	0.23274	0.23294	0.908082	63	1	0.032011
Cd79a	4	0.15983	0.16786	0.999556	34	1	-0.1607	0.18581	0.2203	0.904796	53	1	-0.1607
Nf2	1	0.16245	0.16206	0.999556	35	0	-0.44304	0.83755	0.83855	0.997841	185	0	-0.44304
Suz12	1	0.17182	0.17164	0.999556	36	0	-0.42454	0.82818	0.82905	0.997841	183	0	-0.42454
Setd6	1	0.1765	0.17633	0.999556	37	0	-0.41933	0.8235	0.82448	0.997841	181	0	-0.41933
Med12	1	0.18493	0.18415	0.999556	38	0	-0.40588	0.81507	0.81625	0.997841	178	0	-0.40588
Ikzf1	1	0.19522	0.19468	0.999556	39	0	-0.39259	0.80478	0.80675	0.997841	172	0	-0.39259
Pik3cd	2	0.20125	0.20152	0.999556	40	0	-0.50062	0.97511	0.97427	0.997841	220	0	-0.50062
Notch2	1	0.20646	0.20606	0.999556	41	0	-0.38118	0.79354	0.7952	0.997841	170	0	-0.38118
Ankrd11	3	0.2071	0.20665	0.999556	42	1	-0.37565	0.97272	0.97255	0.997841	218	0	-0.37565
Jak2	5	0.2151	0.22601	0.999556	43	1	-0.28108	0.71737	0.71769	0.997841	148	0	-0.28108
Atr	4	0.21745	0.21964	0.999556	44	1	-0.27664	0.74693	0.74652	0.997841	154	0	-0.27664
Trp53bp1	4	0.22056	0.22252	0.999556	45	1	-0.29535	0.89182	0.89154	0.997841	193	0	-0.29535
Smc3	1	0.22706	0.22679	0.999556	46	0	-0.35346	0.77294	0.77476	0.997841	163	0	-0.35346
Araf	2	0.23438	0.23437	0.999556	47	0	-0.29973	0.80757	0.80493	0.997841	175	0	-0.29973
Foxo1	4	0.23598	0.23679	0.999556	48	1	-0.044679	0.14992	0.193	0.844837	45	1	-0.044679
Pms2	1	0.23642	0.23629	0.999556	49	0	-0.34093	0.76358	0.76523	0.997841	161	0	-0.34093
Map2k1	10	0.23699	0.32411	0.999556	50	1	0.16485	0.037778	0.10398	0.843349	22	3	0.16485
Prdm1	1	0.24017	0.23999	0.999556	51	0	-0.33733	0.75983	0.76159	0.997841	159	0	-0.33733
Kras	2	0.24092	0.24094	0.999556	52	0	0.31111	0.10123	0.10884	0.843349	37	1	0.31111
Fas	2	0.25876	0.25867	0.999556	53	0	-0.28544	0.78907	0.78611	0.997841	169	0	-0.28544
Kmt2c	2	0.26359	0.26363	0.999556	54	0	-0.34385	0.8892	0.88804	0.997841	192	0	-0.34385
Gna13	1	0.27107	0.27169	0.999556	55	0	-0.28714	0.72893	0.73054	0.997841	149	0	-0.28714
Pik3r1	6	0.28255	0.29124	0.999556	56	1	0.061856	0.58739	0.58765	0.997841	120	0	0.061856
Tnfrsf10b	1	0.28324	0.28337	0.999556	57	0	-0.27397	0.71676	0.71802	0.997841	147	0	-0.27397
U2af1	4	0.28378	0.28236	0.999556	58	1	-0.090178	0.46006	0.45812	0.997841	103	0	-0.090178
Inppl1	2	0.28433	0.2843	0.999556	59	0	0.29719	0.12241	0.12731	0.843349	40	1	0.29719
Tbx3	3	0.29062	0.28917	0.999556	60	0	-0.11553	0.90194	0.90171	0.997841	196	0	-0.11553
Keap1	6	0.29524	0.30228	0.999556	61	1	0.69127	0.00093009	0.0036049	0.304554	2	3	0.69127
Amer1	1	0.3029	0.30336	0.999556	62	0	-0.24645	0.6971	0.698	0.997841	139	0	-0.24645
Kdm5c	5	0.3034	0.30687	0.999556	63	1	-0.001072	0.73073	0.73092	0.997841	150	0	-0.001072
Asxl2	3	0.30394	0.30272	0.999556	64	0	-0.15265	0.9322	0.93151	0.997841	211	0	-0.15265
Bap1	15	0.30406	0.42943	0.999556	65	1	0.060386	0.17371	0.34482	0.997841	49	2	0.060386
Chek2	3	0.30834	0.30705	0.999556	66	0	-0.1743	0.48422	0.48279	0.997841	104	0	-0.1743
Ccnd3	4	0.30967	0.30823	0.999556	67	0	-0.40809	0.90005	0.89915	0.997841	195	0	-0.40809
Rad51c	2	0.31566	0.31431	0.999556	68	0	-0.11993	0.58802	0.58606	0.997841	121	0	-0.11993
Drosha	3	0.31927	0.31763	0.999556	69	0	-0.23544	0.92594	0.92556	0.997841	205	0	-0.23544
Trp53	64	0.31943	0.6232	0.999556	70	6	-0.011169	0.1765	0.49615	0.997841	52	11	-0.011169
Braf	11	0.32509	0.39252	0.999556	71	1	0.095447	0.58701	0.64897	0.997841	119	1	0.095447
Tbl1xr1	1	0.33474	0.33493	0.999556	72	0	-0.19164	0.66526	0.6676	0.997841	135	0	-0.19164
Tshr	1	0.33848	0.33888	0.999556	73	0	-0.18712	0.66152	0.66405	0.997841	134	0	-0.18712
Rheb	2	0.34326	0.34226	0.999556	74	0	-0.05516	0.45768	0.45517	0.997841	101	0	-0.05516
Rtel1	2	0.34478	0.3437	0.999556	75	0	0.10773	0.27479	0.2746	0.98095	70	0	0.10773
Idh2	1	0.35253	0.35322	0.999556	76	0	-0.16914	0.64747	0.65026	0.997841	131	0	-0.16914
Igf1r	5	0.35442	0.35697	0.999556	77	0	0.11135	0.082418	0.14114	0.844837	35	2	0.11135
Dis3	5	0.36426	0.36712	0.999556	78	0	-0.29384	0.2603	0.302	0.997841	68	1	-0.29384
Rara	4	0.36999	0.36856	0.999556	79	0	0.11908	0.12648	0.17611	0.844837	41	1	0.11908
Akt1	3	0.37011	0.36873	0.999556	80	0	-0.24966	0.17541	0.18908	0.844837	51	1	-0.24966
Foxp1	1	0.38249	0.38304	0.999556	81	0	-0.12762	0.61751	0.61933	0.997841	125	0	-0.12762
Sdha	2	0.38654	0.38469	0.999556	82	0	-0.085898	0.5698	0.56848	0.997841	117	0	-0.085898
Sox2	1	0.38811	0.38869	0.999556	83	0	-0.14091	0.61189	0.61345	0.997841	124	0	-0.14091
Stat6	4	0.39091	0.38844	0.999556	84	0	0.0045071	0.90463	0.90357	0.997841	197	0	0.0045071
Fyn	1	0.39185	0.39234	0.999556	85	0	-0.12871	0.60815	0.6099	0.997841	123	0	-0.12871
Klf4	2	0.39967	0.39778	0.999556	86	0	-0.021749	0.4424	0.44041	0.997841	97	0	-0.021749
Erbb3	18	0.40413	0.53606	0.999556	87	2	0.16786	0.024217	0.08758	0.832156	21	6	0.16786
Inpp4a	4	0.40625	0.40357	0.999556	88	0	-0.36903	0.99651	0.99665	0.997841	228	0	-0.36903
Kit	10	0.40772	0.43586	0.999556	89	1	-0.028614	0.70426	0.71112	0.997841	143	1	-0.028614
Cbfb	3	0.40852	0.40721	0.999556	90	0	-0.33729	0.88885	0.88956	0.997841	191	0	-0.33729
Fgfr1	3	0.4105	0.40877	0.999556	91	0	-0.30248	0.80577	0.80618	0.997841	173	0	-0.30248
Shq1	1	0.41152	0.41178	0.999556	92	0	-0.11121	0.58848	0.58951	0.997841	122	0	-0.11121
Rit1	4	0.41632	0.4137	0.999556	93	0	0.0076996	0.66005	0.65976	0.997841	132	0	0.0076996
Apc	4	0.43363	0.43102	0.999556	94	0	-0.017909	0.92786	0.92691	0.997841	206	0	-0.017909
Tgfbr1	2	0.43539	0.43365	0.999556	95	0	-0.19875	0.80177	0.79888	0.997841	171	0	-0.19875
Brca1	1	0.43586	0.43617	0.999556	96	0	-0.088786	0.56414	0.56526	0.997841	116	0	-0.088786
Fgfr3	6	0.43695	0.43697	0.999556	97	0	-0.16407	0.31186	0.36414	0.997841	77	1	-0.16407
Epha7	5	0.44165	0.44365	0.999556	98	0	-0.31895	0.90953	0.90925	0.997841	198	0	-0.31895
Dtx1	2	0.4424	0.44041	0.999556	99	0	-0.29191	0.92083	0.92034	0.997841	203	0	-0.29191
Ptprd	4	0.44576	0.44375	0.999556	100	0	-0.1001	0.52956	0.52835	0.997841	110	0	-0.1001
Pax5	3	0.45477	0.45416	0.999556	101	0	-0.17023	0.86675	0.86755	0.997841	189	0	-0.17023
Egfr	7	0.4658	0.46436	0.999556	102	0	0.21393	0.22474	0.33369	0.997841	60	2	0.21393
Brca2	4	0.4671	0.46516	0.999556	103	0	0.033977	0.9109	0.9096	0.997841	199	0	0.033977
Recql	4	0.47176	0.46958	0.999556	104	0	-0.42822	0.7319	0.73136	0.997841	151	0	-0.42822
Gata2	2	0.47274	0.46952	0.999556	105	0	0.53681	0.056301	0.067157	0.735529	26	1	0.53681
Erbb2	8	0.47437	0.47473	0.999556	106	1	-0.30293	0.97781	0.9775	0.997841	222	0	-0.30293
Mlh1	1	0.47893	0.47892	0.999556	107	0	-0.032286	0.52107	0.52097	0.997841	108	0	-0.032286
Ptpn11	5	0.48434	0.48654	0.999556	108	0	0.092501	0.80583	0.80584	0.997841	174	0	0.092501
Bcl2	15	0.48713	0.55176	0.999556	109	1	-0.074634	0.074521	0.18996	0.844837	30	3	-0.074634
Ephb1	2	0.4876	0.48482	0.999556	110	0	-0.099671	0.67538	0.67345	0.997841	136	0	-0.099671
Etv6	9	0.48774	0.48756	0.999556	111	1	0.21002	0.0057861	0.020418	0.391342	9	4	0.21002
Setbp1	3	0.49853	0.49646	0.999556	112	0	0.26301	0.24265	0.24696	0.939371	65	1	0.26301
Cd79b	5	0.50335	0.50514	0.999556	113	0	-0.34131	0.98751	0.98749	0.997841	224	0	-0.34131
Epha5	6	0.51242	0.51352	0.999556	114	0	0.064951	0.83306	0.83396	0.997841	184	0	0.064951
Pdgfra	1	0.51545	0.51524	0.999556	115	0	0.013273	0.48455	0.48458	0.997841	105	0	0.013273
Pot1b	2	0.51926	0.51638	0.999556	116	0	-0.093286	0.69945	0.69804	0.997841	141	0	-0.093286
Atm	21	0.52258	0.65201	0.999556	117	2	0.16763	0.13626	0.32754	0.997841	43	4	0.16763
Nf1	5	0.52952	0.53092	0.999556	118	0	0.20072	0.82403	0.82459	0.997841	182	0	0.20072
Epha3	4	0.53801	0.53643	0.999556	119	0	-0.078739	0.6828	0.68241	0.997841	137	0	-0.078739
Esr1	5	0.54219	0.54349	0.999556	120	0	-0.29837	0.91745	0.91792	0.997841	201	0	-0.29837
Ntrk2	1	0.55758	0.5583	0.999556	121	0	0.057848	0.44242	0.44249	0.997841	98	0	0.057848
Insr	1	0.55946	0.56033	0.999556	122	0	0.060454	0.44054	0.44054	0.997841	96	0	0.060454
Ep300	11	0.56819	0.57108	0.999556	123	1	0.11286	0.00057918	0.0030864	0.304554	1	5	0.11286
Fgfr4	1	0.57818	0.57896	0.999556	124	0	0.085136	0.42182	0.42212	0.997841	94	0	0.085136
Prkd1	4	0.58829	0.5876	0.999556	125	0	-0.080649	0.91151	0.91032	0.997841	200	0	-0.080649
Casp8	3	0.58831	0.58715	0.999556	126	0	-0.086993	0.85468	0.85542	0.997841	187	0	-0.086993
Ncor1	1	0.58848	0.58951	0.999556	127	0	0.10016	0.41152	0.41178	0.997841	93	0	0.10016
Nfe2l2	8	0.58954	0.58975	0.999556	128	0	-0.1895	0.99138	0.99124	0.997841	226	0	-0.1895
Btk	1	0.59972	0.60134	0.999556	129	0	0.11005	0.40028	0.40053	0.997841	90	0	0.11005
Kmt2d	11	0.60508	0.60511	0.999556	130	1	0.010485	0.0020951	0.009269	0.304554	4	5	0.010485
Raf1	4	0.6072	0.60642	0.999556	131	0	0.60031	0.020441	0.041938	0.562591	20	2	0.60031
Nras	2	0.61054	0.60878	0.999556	132	0	-0.10317	0.78126	0.77874	0.997841	166	0	-0.10317
Map2k2	2	0.61288	0.61092	0.999556	133	0	-0.073971	0.74482	0.74251	0.997841	153	0	-0.073971
Lats1	4	0.61458	0.61427	0.999556	134	0	0.46397	0.39091	0.39	0.997841	89	1	0.46397
Cdk8	1	0.63343	0.63596	0.999556	135	0	0.17122	0.36657	0.36691	0.997841	86	0	0.17122
Hras	1	0.63624	0.63866	0.999556	136	0	0.17233	0.36376	0.36405	0.997841	85	0	0.17233
Mitf	1	0.64654	0.64935	0.999556	137	0	0.1913	0.35346	0.35419	0.997841	84	0	0.1913
Ago2	1	0.64747	0.65026	0.999556	138	0	0.21465	0.35253	0.35322	0.997841	83	0	0.21465
Stag2	2	0.65258	0.65094	0.999556	139	0	0.046273	0.57102	0.56956	0.997841	118	0	0.046273
Gli1	4	0.65502	0.65468	0.999556	140	0	0.078121	0.1466	0.1905	0.844837	44	1	0.078121
Pik3ca	35	0.65793	0.79868	0.999556	141	2	-0.16423	0.68314	0.87386	0.997841	138	1	-0.16423
Negr1	1	0.65871	0.66135	0.999556	142	0	0.20609	0.34129	0.34182	0.997841	81	0	0.20609
Sf3b1	11	0.66281	0.66279	0.999556	143	0	-0.19823	0.94497	0.9461	0.997841	216	0	-0.19823
Met	5	0.66438	0.66473	0.999556	144	0	-0.12948	0.75138	0.75132	0.997841	156	0	-0.12948
Gata3	3	0.67472	0.67469	0.999556	145	0	0.98098	0.015798	0.029423	0.441585	14	2	0.98098
Rasa1	2	0.67538	0.67345	0.999556	146	0	0.299	0.22945	0.22986	0.908082	61	1	0.299
Abl1	3	0.67604	0.67619	0.999556	147	0	0.2519	0.19014	0.2015	0.858244	56	1	0.2519
Eif1ad19	7	0.68262	0.68189	0.999556	148	0	-0.15384	0.63579	0.63575	0.997841	128	1	-0.15384
Dot1l	1	0.68305	0.68446	0.999556	149	0	0.23023	0.31695	0.31708	0.997841	79	0	0.23023
Atp6v1b2	1	0.68399	0.68559	0.999556	150	0	0.23144	0.31601	0.31619	0.997841	78	0	0.23144
Fat1	4	0.69528	0.69526	0.999556	151	0	-0.12049	0.071473	0.12135	0.843349	28	2	-0.12049
Rnf43	1	0.69991	0.70088	0.999556	152	0	0.24972	0.30009	0.30061	0.997841	75	0	0.24972
Phf6	3	0.70057	0.7016	0.999556	153	0	0.41554	0.40057	0.39905	0.997841	91	0	0.41554
Ptprt	6	0.70067	0.7017	0.999556	154	0	0.39267	0.0074231	0.022382	0.395995	12	3	0.39267
Irf4	2	0.7066	0.70489	0.999556	155	0	0.13996	0.42266	0.42119	0.997841	95	0	0.13996
Jak3	1	0.71489	0.71608	0.999556	156	0	0.26461	0.28511	0.28525	0.98095	72	0	0.26461
Stat3	10	0.71654	0.71698	0.999556	157	0	-0.091097	0.076797	0.17078	0.844837	31	2	-0.091097
Elf3	3	0.72383	0.7252	0.999556	158	0	0.46379	0.44912	0.44872	0.997841	100	0	0.46379
Npm1	1	0.72612	0.72778	0.999556	159	0	0.27153	0.27388	0.27456	0.98095	69	0	0.27153
Nfe2	3	0.74245	0.74332	0.999556	160	0	0.56839	0.27939	0.28039	0.98095	71	1	0.56839
Sox9	3	0.7481	0.74906	0.999556	161	0	0.45802	0.080597	0.11177	0.843349	33	1	0.45802
Irs1	6	0.76412	0.76444	0.999556	162	0	0.39822	0.017846	0.045657	0.562591	18	3	0.39822
Ret	4	0.76512	0.76517	0.999556	163	0	0.66002	0.0066928	0.018523	0.387302	10	2	0.66002
Pole	1	0.77013	0.77186	0.999556	164	0	0.37037	0.22987	0.22974	0.908082	62	0	0.37037
Smad2	6	0.77078	0.77116	0.999556	165	0	-0.059352	0.69861	0.69954	0.997841	140	0	-0.059352
Fgf4	5	0.77925	0.77931	0.999556	166	0	-0.16968	0.78886	0.78923	0.997841	168	0	-0.16968
Card11	5	0.78615	0.78641	0.999556	167	0	-0.11128	0.11806	0.19128	0.844837	39	1	-0.11128
Kdr	1	0.79073	0.79253	0.999556	168	0	0.43169	0.20927	0.2089	0.873582	59	0	0.43169
Smad4	15	0.79314	0.79299	0.999556	169	0	0.27343	0.051625	0.14655	0.844837	24	3	0.27343
Jak1	3	0.80388	0.80459	0.999556	170	0	0.12516	0.75033	0.75106	0.997841	155	0	0.12516
Upf1	1	0.80478	0.80675	0.999556	171	0	0.46257	0.19522	0.19468	0.844837	58	0	0.46257
Xiap	2	0.8051	0.80244	0.999556	172	0	0.076575	0.66027	0.65846	0.997841	133	0	0.076575
Cul3	3	0.80577	0.80618	0.999556	173	0	0.24769	0.62887	0.62829	0.997841	127	0	0.24769
Ntrk3	4	0.80632	0.80636	0.999556	174	0	0.1111	0.70138	0.70149	0.997841	142	0	0.1111
Kdm6a	1	0.80665	0.80851	0.999556	175	0	0.47447	0.19335	0.19295	0.844837	57	0	0.47447
Ros1	1	0.8132	0.81459	0.999556	176	0	0.49325	0.1868	0.18628	0.844837	54	0	0.49325
Erg	3	0.81413	0.81448	0.999556	177	0	0.21287	0.54157	0.5402	0.997841	113	0	0.21287
Cbl	6	0.81594	0.81642	0.999556	178	0	0.19247	0.81038	0.81081	0.997841	176	0	0.19247
Lyn	1	0.82537	0.82639	0.999556	179	0	0.50891	0.17463	0.17468	0.844837	50	0	0.50891
Gnb1	2	0.82756	0.82575	0.999556	180	0	0.1975	0.44798	0.44539	0.997841	99	0	0.1975
Carm1	1	0.83006	0.83082	0.999556	181	0	0.54411	0.16994	0.1698	0.844837	48	0	0.54411
Notch3	1	0.83287	0.83373	0.999556	182	0	0.52446	0.16713	0.16692	0.844837	47	0	0.52446
Cdh1	2	0.83296	0.83153	0.999556	183	0	0.36582	0.25714	0.25711	0.953777	67	0	0.36582
Stk11	3	0.83775	0.83896	0.999556	184	0	0.047839	0.70681	0.70795	0.997841	144	0	0.047839
Msh3	3	0.84758	0.84848	0.999556	185	0	0.057278	0.81867	0.81879	0.997841	180	0	0.057278
Pdgfrb	6	0.85455	0.85549	0.999556	186	0	-0.13328	0.71675	0.71714	0.997841	146	0	-0.13328
Ercc4	2	0.86078	0.85921	0.999556	187	0	0.31577	0.34478	0.3437	0.997841	82	0	0.31577
Mga	6	0.87066	0.87212	0.999556	188	0	-0.14215	0.92822	0.92857	0.997841	207	0	-0.14215
Erbb4	1	0.87219	0.87289	0.999556	189	0	0.65894	0.12781	0.12834	0.843349	42	1	0.65894
Atrx	9	0.87255	0.87121	0.999556	190	0	0.47753	0.077266	0.16632	0.844837	32	2	0.47753
Rb1	8	0.87626	0.87506	0.999556	191	0	-0.04184	0.73767	0.73704	0.997841	152	0	-0.04184
Tsc2	5	0.87947	0.87949	0.999556	192	0	0.23163	0.55946	0.56117	0.997841	115	0	0.23163
Fgfr2	6	0.8815	0.88229	0.999556	193	0	0.10457	0.81866	0.81948	0.997841	179	0	0.10457
Pik3r2	3	0.88223	0.88323	0.999556	194	0	0.031961	0.75695	0.7575	0.997841	158	0	0.031961
Cdc73	4	0.88309	0.88334	0.999556	195	0	0.32126	0.53168	0.53027	0.997841	111	0	0.32126
Smg1	1	0.89185	0.89292	0.999556	196	0	0.76744	0.10815	0.10886	0.843349	38	1	0.76744
Akt3	3	0.8927	0.89323	0.999556	197	0	0.25226	0.32577	0.32473	0.997841	80	1	0.25226
Arid2	5	0.90746	0.90711	0.999556	198	0	0.051683	0.53968	0.54105	0.997841	112	0	0.051683
Cdk12	2	0.9105	0.90998	0.999556	199	0	0.40776	0.28591	0.28575	0.98095	73	0	0.40776
Setd2	6	0.91404	0.91491	0.999556	200	0	0.068313	0.78206	0.7822	0.997841	167	0	0.068313
Grin2a	2	0.92652	0.92561	0.999556	201	0	0.33	0.40112	0.39922	0.997841	92	0	0.33
Alk	3	0.93496	0.93428	0.999556	202	0	0.25887	0.63751	0.63697	0.997841	129	0	0.25887
Ptpn1	1	0.94054	0.94083	0.999556	203	0	1.067	0.059457	0.059857	0.68836	27	1	1.067
Map2k4	5	0.94094	0.94149	0.999556	204	0	-0.038461	0.88455	0.88415	0.997841	190	0	-0.038461
Notch1	9	0.94122	0.94012	0.999556	205	0	0.0073401	0.29385	0.41669	0.997841	74	1	0.0073401
Sos1	4	0.95404	0.95388	0.999556	206	0	0.13607	0.76889	0.76907	0.997841	162	0	0.13607
Fbxw7	12	0.95518	0.95488	0.999556	207	0	0.10921	0.75617	0.76402	0.997841	157	1	0.10921
B2m	5	0.95535	0.95567	0.999556	208	0	0.19394	0.76047	0.76045	0.997841	160	0	0.19394
Myc	2	0.95581	0.95536	0.999556	209	0	0.62739	0.18949	0.19105	0.844837	55	1	0.62739
Crebbp	17	0.9562	0.95582	0.999556	210	0	-0.067391	0.97459	0.9738	0.997841	219	0	-0.067391
Lck	2	0.95814	0.95778	0.999556	211	0	0.56818	0.24905	0.24914	0.939371	66	1	0.56818
Flt3	5	0.96193	0.96223	0.999556	212	0	0.49318	0.052692	0.097921	0.843349	25	2	0.49318
Tsc1	3	0.96731	0.96682	0.999556	213	0	0.3704	0.09118	0.12071	0.843349	36	1	0.3704
Nsd1	4	0.9689	0.96941	0.999556	214	0	0.24165	0.52099	0.51975	0.997841	107	0	0.24165
Nkx2-1	2	0.97825	0.97769	0.999556	215	0	0.94572	0.081597	0.090452	0.832156	34	1	0.94572
Eed	7	0.97888	0.97927	0.999556	216	0	0.020631	0.92861	0.92828	0.997841	208	0	0.020631
Ncoa3	2	0.9839	0.9834	0.999556	217	0	0.75686	0.016097	0.030141	0.441585	15	2	0.75686
Csf3r	5	0.98558	0.98547	0.999556	218	0	0.42743	0.64642	0.64725	0.997841	130	0	0.42743
Irf8	3	0.98647	0.98636	0.999556	219	0	0.39651	0.1605	0.17698	0.844837	46	1	0.39651
safe_target	26	0.9878	0.98784	0.999556	220	0	0.093757	0.97717	0.97775	0.997841	221	0	0.093757
Daxx	2	0.9881	0.98768	0.999556	221	0	1.5482	0.002807	0.005709	0.304554	5	2	1.5482
Smo	3	0.99046	0.9904	0.999556	222	0	1.115	0.0089655	0.018074	0.387302	13	2	1.115
Syk	1	0.99298	0.99301	0.999556	223	0	1.918	0.0070225	0.0066464	0.304554	11	1	1.918
Pik3cg	4	0.99398	0.99432	0.999556	224	0	0.36406	0.55253	0.55126	0.997841	114	0	0.36406
Myd88	6	0.99547	0.99525	0.999556	225	0	0.68145	0.018289	0.046475	0.562591	19	3	0.68145
Arid5b	3	0.99571	0.99556	0.999556	226	0	0.95877	0.016581	0.030719	0.441585	16	2	0.95877
Rictor	4	0.99779	0.99791	0.999556	227	0	0.60309	0.073553	0.1244	0.843349	29	2	0.60309
Tcf3	3	0.99805	0.99792	0.999556	228	0	0.85687	0.0019531	0.0053002	0.304554	3	3	0.85687
Rbm10	4	0.99818	0.99833	0.999556	229	0	0.84021	0.0053869	0.014983	0.387302	8	3	0.84021
Runx1	7	0.99961	0.99956	0.999556	230	0	0.74162	0.0052681	0.017426	0.387302	7	4	0.74162
