id	num	neg|score	neg|p-value	neg|fdr	neg|rank	neg|goodsgrna	neg|lfc	pos|score	pos|p-value	pos|fdr	pos|rank	pos|goodsgrna	pos|lfc
safe_target	313	5.3638e-08	4.9737e-06	0.002392	1	152	-0.35004	0.98227	0.99992	0.999915	476	68	-0.35004
non_target	123	6.1748e-06	0.00015418	0.025718	2	64	-0.47255	0.96743	0.99971	0.999915	469	24	-0.47255
Atrx	38	1.2281e-05	0.00021387	0.025718	3	26	-0.6474	0.52904	0.88477	0.999915	344	6	-0.6474
Tshr	22	2.0025e-05	0.00018403	0.025718	4	13	-0.78315	0.84677	0.97119	0.999915	429	4	-0.78315
Phox2b	26	3.3268e-05	0.00045261	0.043541	5	14	-0.39886	0.49928	0.83889	0.999915	336	6	-0.39886
Ctcf	44	4.0245e-05	0.00062171	0.049841	6	25	-0.51779	0.5536	0.90564	0.999915	354	4	-0.51779
Epha3	81	8.1786e-05	0.0011887	0.077452	7	42	-0.41835	0.89576	0.99664	0.999915	443	16	-0.41835
Phf6	6	0.00025823	0.0012882	0.077452	8	5	-1.2595	0.65972	0.78378	0.999915	380	1	-1.2595
Pik3cg	92	0.00031445	0.0048096	0.210309	9	45	-0.24306	0.34388	0.82282	0.999915	280	24	-0.24306
Hist1h3g	11	0.0004153	0.0031583	0.151914	10	7	-0.64285	0.89738	0.95355	0.999915	445	2	-0.64285
Map2k4	30	0.00054548	0.0053368	0.211815	11	18	-0.61623	0.55594	0.8819	0.999915	357	5	-0.61623
Piga	3	0.00059589	0.001706	0.091175	12	3	-1.7924	0.98744	0.98747	0.999915	478	0	-1.7924
Amer1	39	0.00088676	0.0094749	0.303828	13	21	-0.4242	0.60124	0.92062	0.999915	369	9	-0.4242
Ctnnb1	52	0.0017011	0.018607	0.47104	14	22	-0.16617	0.16829	0.56355	0.999915	201	20	-0.16617
Cul3	24	0.0017724	0.014966	0.39992	15	15	-0.60416	0.90711	0.98622	0.999915	451	4	-0.60416
Brip1	10	0.0023355	0.013305	0.376442	16	8	-0.76109	0.9916	0.99152	0.999915	480	0	-0.76109
H2-D1	3	0.0030556	0.0082315	0.282809	17	3	-0.49137	0.97769	0.97738	0.999915	472	0	-0.49137
Nfe2l2	14	0.0036943	0.02361	0.540784	18	8	-0.44989	0.9799	0.99235	0.999915	474	1	-0.44989
Rac1	12	0.0037316	0.022476	0.54055	19	8	-0.74562	0.49097	0.756	0.999915	334	4	-0.74562
Atm	69	0.0039083	0.040103	0.771579	20	33	-0.37007	0.82469	0.98998	0.999915	422	16	-0.37007
Pgr	22	0.0049017	0.034483	0.691089	21	10	-0.14145	0.12299	0.4015	0.999915	173	6	-0.14145
Nkx3-1	11	0.0052623	0.027897	0.609939	22	7	-0.70495	0.88107	0.9474	0.999915	438	2	-0.70495
Hist1h2bm	1	0.0060796	0.0057247	0.211815	23	1	-1.2029	0.99392	0.99399	0.999915	481	0	-1.2029
Smo	45	0.0062189	0.05207	0.822889	24	20	-0.22863	0.2233	0.63415	0.999915	228	11	-0.22863
Setd2	45	0.006239	0.052179	0.822889	25	14	0.093194	0.38281	0.80308	0.999915	298	17	0.093194
Pparg	20	0.0071925	0.046638	0.822889	26	6	-0.25568	0.79358	0.95223	0.999915	417	5	-0.25568
Setdb1	6	0.0079038	0.031349	0.655606	27	3	-0.38957	0.96067	0.9609	0.999915	466	0	-0.38957
Kmt2c	75	0.008228	0.075635	0.891642	28	33	-0.17525	0.032435	0.21507	0.912357	84	23	-0.17525
Pik3cd	43	0.0082823	0.066165	0.891642	29	18	-0.21593	0.038974	0.21706	0.912357	91	15	-0.21593
Brca2	13	0.0097354	0.053034	0.822889	30	8	-0.86817	0.66379	0.86835	0.999915	383	3	-0.86817
Plcg2	75	0.0099527	0.08796	0.891642	31	28	-0.023489	0.44652	0.88236	0.999915	318	27	-0.023489
Rictor	31	0.010097	0.069259	0.891642	32	10	0.11585	0.053579	0.25001	0.937601	106	12	0.11585
Mre11a	1	0.010913	0.010619	0.319228	33	1	-2.9498	0.98909	0.9893	0.999915	479	0	-2.9498
Grin2a	159	0.011179	0.10038	0.891642	34	62	-0.09618	0.023821	0.17933	0.880163	64	54	-0.09618
Myod1	36	0.011824	0.084508	0.891642	35	12	0.16945	0.044434	0.22941	0.934093	98	15	0.16945
Pik3ca	64	0.013664	0.10613	0.891642	36	29	-0.21481	0.89866	0.99557	0.999915	447	15	-0.21481
Pak1	17	0.014614	0.07665	0.891642	37	10	-0.57234	0.95954	0.98981	0.999915	464	2	-0.57234
Ptprd	142	0.015556	0.12986	0.891642	38	52	-0.0404	0.60144	0.95151	0.999915	370	44	-0.0404
Ncor1	36	0.016261	0.10873	0.891642	39	17	-0.10523	0.12326	0.44662	0.999915	174	11	-0.10523
Blm	13	0.016655	0.079584	0.891642	40	6	-0.34003	0.35801	0.65765	0.999915	290	4	-0.34003
Kdm5a	33	0.016822	0.10476	0.891642	41	17	-0.32929	0.42639	0.81013	0.999915	306	4	-0.32929
Asxl2	28	0.01751	0.10477	0.891642	42	10	-0.11953	0.35327	0.73885	0.999915	288	7	-0.11953
Cd79b	3	0.017913	0.045852	0.822889	43	3	-0.77674	0.98209	0.98175	0.999915	475	0	-0.77674
Smyd3	13	0.018012	0.084816	0.891642	44	4	-0.13449	0.17369	0.43611	0.999915	207	5	-0.13449
Smarcb1	22	0.018203	0.10234	0.891642	45	8	0.10033	0.15715	0.4655	0.999915	197	8	0.10033
Nf1	138	0.018238	0.14614	0.891642	46	58	-0.19014	0.46712	0.90073	0.999915	328	35	-0.19014
Kdm5c	58	0.019468	0.13848	0.891642	47	25	-0.14735	0.25325	0.69869	0.999915	243	18	-0.14735
Negr1	26	0.019601	0.11127	0.891642	48	12	-0.14068	0.82277	0.96961	0.999915	421	7	-0.14068
Btg1	13	0.019941	0.092138	0.891642	49	3	0.13938	0.22996	0.51673	0.999915	233	5	0.13938
Tbx3	58	0.020034	0.14128	0.891642	50	25	-0.13987	0.060241	0.3113	0.972939	116	21	-0.13987
Slx4	6	0.020068	0.071059	0.891642	51	4	-0.71806	0.93053	0.9294	0.999915	457	0	-0.71806
Ros1	52	0.020393	0.13963	0.891642	52	24	-0.33437	0.59949	0.93154	0.999915	368	13	-0.33437
Il7r	7	0.020405	0.073705	0.891642	53	5	-0.62198	0.50673	0.70297	0.999915	338	2	-0.62198
Crkl	3	0.021722	0.055094	0.828125	54	3	-0.54633	0.97828	0.97804	0.999915	473	0	-0.54633
Bcor	50	0.021977	0.14592	0.891642	55	22	-0.138	0.75041	0.97089	0.999915	404	14	-0.138
Kmt2a	80	0.02214	0.16235	0.891642	56	32	-0.20869	0.1648	0.59256	0.999915	200	26	-0.20869
Stk11	53	0.022728	0.1509	0.891642	57	21	-0.064194	0.52127	0.90023	0.999915	341	15	-0.064194
Cdh1	35	0.024138	0.14352	0.891642	58	17	-0.0909	0.96581	0.99797	0.999915	468	6	-0.0909
Braf	30	0.024268	0.13781	0.891642	59	14	-0.33903	0.86679	0.98372	0.999915	433	4	-0.33903
Plk2	13	0.0243	0.10776	0.891642	60	7	-0.51658	0.52693	0.79312	0.999915	343	3	-0.51658
Ptprt	222	0.025092	0.18471	0.897419	61	63	0.097108	0.0059118	0.061112	0.72414	26	86	0.097108
Csde1	17	0.02608	0.12258	0.891642	62	6	0.024761	0.20605	0.51723	0.999915	218	4	0.024761
Epcam	3	0.026526	0.065976	0.891642	63	2	-1.2654	0.87708	0.87798	0.999915	437	0	-1.2654
Nbn	2	0.027744	0.050697	0.822889	64	2	-1.7015	0.97226	0.97189	0.999915	471	0	-1.7015
Pim1	56	0.029075	0.1842	0.897419	65	23	-0.16721	0.0063565	0.057003	0.722047	29	12	-0.16721
Kdr	58	0.029481	0.18804	0.904474	66	20	-0.022373	0.097206	0.42077	0.999915	151	21	-0.022373
Rhoa	12	0.029647	0.1217	0.891642	67	7	-0.4368	0.94198	0.97478	0.999915	459	2	-0.4368
Cdc73	11	0.029908	0.11769	0.891642	68	6	-0.56726	0.33814	0.62787	0.999915	277	4	-0.56726
Dnmt1	16	0.030372	0.13523	0.891642	69	3	0.52008	0.010227	0.057043	0.722047	40	10	0.52008
Ep300	71	0.03119	0.2042	0.928075	70	31	-0.30153	0.65949	0.96024	0.999915	379	15	-0.30153
Ankrd11	35	0.031293	0.17391	0.897419	71	15	-0.15676	0.19524	0.57475	0.999915	214	11	-0.15676
Tgfbr1	34	0.03293	0.17873	0.897419	72	14	-0.22724	0.56301	0.89581	0.999915	360	8	-0.22724
Arid2	73	0.033347	0.21348	0.939822	73	22	0.085627	0.27577	0.74268	0.999915	251	27	0.085627
Pdgfra	55	0.033864	0.20613	0.928075	74	24	-0.17249	0.85593	0.99089	0.999915	430	12	-0.17249
Nf2	31	0.035659	0.18426	0.897419	75	10	0.23649	0.097412	0.37233	0.989612	153	14	0.23649
Sos1	18	0.036295	0.16026	0.891642	76	9	-0.15752	0.20295	0.51459	0.999915	217	8	-0.15752
Epha5	76	0.03663	0.23359	0.955683	77	32	-0.25357	0.189	0.63109	0.999915	213	23	-0.25357
Il10	3	0.037086	0.089979	0.891642	78	2	-0.93016	0.76599	0.76705	0.999915	407	0	-0.93016
Pik3r3	8	0.037144	0.123	0.891642	79	3	0.3466	0.043554	0.14116	0.849873	97	4	0.3466
Rragc	7	0.037778	0.1241	0.891642	80	4	-0.39616	0.29128	0.51017	0.999915	259	1	-0.39616
Suz12	6	0.038123	0.11459	0.891642	81	2	0.18354	0.46198	0.63989	0.999915	327	2	0.18354
Wwtr1	9	0.038476	0.13599	0.891642	82	3	0.088486	0.22703	0.46722	0.999915	232	3	0.088486
Cbl	31	0.038593	0.1954	0.921451	83	14	-0.20153	0.47901	0.84322	0.999915	331	10	-0.20153
Fubp1	11	0.039093	0.14702	0.891642	84	6	-0.71814	0.049128	0.177	0.880163	102	3	-0.71814
Tmprss2	7	0.039573	0.12916	0.891642	85	5	-0.54451	0.9469	0.94689	0.999915	461	1	-0.54451
Ercc2	50	0.03986	0.22414	0.955683	86	10	0.34059	0.00085034	0.0099325	0.477751	8	26	0.34059
Mapkap1	8	0.040406	0.1312	0.891642	87	2	-0.16733	0.33296	0.57369	0.999915	274	2	-0.16733
Epha7	82	0.045184	0.27246	0.955683	88	35	-0.10412	0.32144	0.79669	0.999915	269	20	-0.10412
Cux1	6	0.045993	0.1329	0.891642	89	3	-0.031924	0.010061	0.039168	0.633254	39	3	-0.031924
Hist1h3a	7	0.046366	0.14785	0.891642	90	3	-0.26762	0.94015	0.94082	0.999915	458	1	-0.26762
Errfi1	7	0.049519	0.15482	0.891642	91	3	-0.017792	0.56595	0.73625	0.999915	361	2	-0.017792
Irf4	21	0.049763	0.21493	0.939822	92	11	-0.35642	0.11457	0.37856	0.989612	168	6	-0.35642
Cyld	7	0.049889	0.15537	0.891642	93	4	-0.53064	0.89806	0.91333	0.999915	446	1	-0.53064
Bmpr1a	16	0.050844	0.20069	0.928075	94	7	0.074802	0.025983	0.12223	0.849873	68	5	0.074802
Upf1	33	0.050894	0.24228	0.955683	95	13	-0.14009	0.12287	0.43677	0.999915	172	11	-0.14009
Rb1	67	0.052272	0.29157	0.955683	96	23	-0.077345	0.21399	0.66035	0.999915	222	20	-0.077345
Araf	37	0.05307	0.25765	0.955683	97	12	-0.052097	0.1855	0.56657	0.999915	211	15	-0.052097
Ptprs	147	0.053572	0.31311	0.955683	98	51	0.24069	0.00058646	0.0081618	0.477751	6	68	0.24069
Prkd1	30	0.054215	0.24807	0.955683	99	12	-0.38082	0.13035	0.44468	0.999915	183	5	-0.38082
Yes1	7	0.055969	0.16766	0.891642	100	2	0.14106	0.40163	0.61938	0.999915	303	2	0.14106
Etv6	29	0.056442	0.25104	0.955683	101	13	-0.15346	0.10739	0.3907	0.999915	164	9	-0.15346
Hnf1a	34	0.057387	0.26468	0.955683	102	14	0.044992	0.43717	0.82099	0.999915	313	11	0.044992
Egfr	61	0.059379	0.30952	0.955683	103	15	0.25071	0.0012809	0.014359	0.531285	10	28	0.25071
Lyn	12	0.060081	0.20809	0.928075	104	7	-0.46565	0.71368	0.88617	0.999915	399	2	-0.46565
Mpl	17	0.060936	0.22975	0.955683	105	4	0.29769	0.12455	0.37781	0.989612	177	8	0.29769
Ncor2	5	0.06167	0.15813	0.891642	106	2	1.0132	0.0031538	0.013543	0.531285	15	3	1.0132
Apc	119	0.061742	0.34329	0.971194	107	44	-0.11503	0.51682	0.92254	0.999915	340	33	-0.11503
Sdhb	7	0.062483	0.18035	0.897419	108	4	-0.54909	0.25994	0.47806	0.999915	246	2	-0.54909
Pik3r2	46	0.062535	0.30069	0.955683	109	16	0.011438	0.15132	0.52325	0.999915	195	16	0.011438
Rptor	38	0.065394	0.29771	0.955683	110	13	-0.066218	0.22047	0.61821	0.999915	226	9	-0.066218
Ksr2	6	0.06586	0.17561	0.897419	111	1	-0.1383	0.42896	0.61687	0.999915	309	1	-0.1383
Alk	70	0.067093	0.34273	0.971194	112	21	-0.05654	0.072213	0.3629	0.989612	123	27	-0.05654
Socs1	30	0.067827	0.2886	0.955683	113	14	-0.077615	0.21196	0.58459	0.999915	219	12	-0.077615
Prdm14	17	0.068916	0.25211	0.955683	114	5	0.50182	0.00069622	0.0053069	0.445318	7	9	0.50182
Vegfa	5	0.069182	0.17054	0.891642	115	2	0.24805	0.44257	0.59956	0.999915	316	2	0.24805
Bcl2	25	0.069879	0.2821	0.955683	116	9	0.20251	0.086529	0.32833	0.972939	138	10	0.20251
Met	37	0.070632	0.31217	0.955683	117	15	0.034589	0.014463	0.099757	0.849873	45	12	0.034589
Nuf2	3	0.071088	0.14057	0.891642	118	2	-0.40255	0.94909	0.9488	0.999915	462	0	-0.40255
Pms1	10	0.072078	0.22677	0.955683	119	6	-0.45686	0.96958	0.97523	0.999915	470	1	-0.45686
Arid5b	35	0.072642	0.31515	0.955683	120	13	-0.063665	0.095223	0.37823	0.989612	149	12	-0.063665
Jun	4	0.072697	0.16321	0.891642	121	2	0.015227	0.36796	0.51016	0.999915	294	2	0.015227
Sh2b3	15	0.076957	0.26532	0.955683	122	5	0.26363	0.21226	0.51383	0.999915	220	7	0.26363
Zfhx3	162	0.077755	0.39737	0.998851	123	57	-0.066069	0.042367	0.26928	0.966596	95	54	-0.066069
Ercc3	21	0.078431	0.29342	0.955683	124	7	-0.13719	0.10463	0.35711	0.989612	163	7	-0.13719
Rasa1	31	0.078576	0.3202	0.955683	125	13	0.031061	0.54683	0.88267	0.999915	351	6	0.031061
Ercc4	18	0.080384	0.28528	0.955683	126	8	0.14192	0.058485	0.23372	0.934093	114	8	0.14192
Pik3r1	25	0.081516	0.31406	0.955683	127	9	-0.26502	0.96181	0.99511	0.999915	467	5	-0.26502
Srsf2	14	0.082808	0.27194	0.955683	128	3	0.22742	0.31344	0.6245	0.999915	268	6	0.22742
Eif4a2	2	0.082869	0.14276	0.891642	129	1	0.54447	0.011371	0.02178	0.627172	41	1	0.54447
Mlh1	26	0.082984	0.31657	0.955683	130	11	-0.12632	0.45702	0.81217	0.999915	324	8	-0.12632
Sesn2	14	0.083244	0.27298	0.955683	131	7	-0.34795	0.34271	0.65689	0.999915	279	4	-0.34795
Rps6ka4	46	0.084757	0.36435	0.995745	132	13	0.26779	0.021064	0.13907	0.849873	56	21	0.26779
Map3k13	33	0.085611	0.34457	0.971194	133	14	-0.21438	0.17241	0.52882	0.999915	205	12	-0.21438
Ylpm1	2	0.085756	0.14719	0.891642	134	2	-0.8761	0.91424	0.91389	0.999915	453	0	-0.8761
Drosha	42	0.086689	0.36246	0.995745	135	15	-0.13477	0.76011	0.97032	0.999915	405	10	-0.13477
Sox17	46	0.089461	0.3772	0.998851	136	20	-0.04266	0.093148	0.39099	0.999915	146	18	-0.04266
Sdha	31	0.090595	0.35157	0.983156	137	8	0.053338	0.29645	0.69242	0.999915	261	12	0.053338
Nkx2-1	26	0.091006	0.3364	0.971194	138	8	0.304	0.1509	0.46878	0.999915	193	12	0.304
Prkar1a	12	0.097561	0.29119	0.955683	139	6	-0.16618	0.223	0.50241	0.999915	227	5	-0.16618
Rad51b	1	0.097916	0.098385	0.891642	140	1	-1.1614	0.90208	0.90298	0.999915	448	0	-1.1614
Igf1r	38	0.098226	0.38823	0.998851	141	14	-0.070191	0.18084	0.55597	0.999915	209	14	-0.070191
Bap1	56	0.098516	0.41936	0.998851	142	17	0.12936	0.067133	0.33192	0.972939	120	23	0.12936
Ccnd3	8	0.098753	0.26642	0.955683	143	4	-0.30449	0.67525	0.81949	0.999915	389	2	-0.30449
Rbm10	91	0.099097	0.45837	0.998851	144	36	-0.032604	0.10155	0.46857	0.999915	158	32	-0.032604
Id3	7	0.099801	0.24944	0.955683	145	3	0.018163	0.35286	0.57204	0.999915	287	3	0.018163
Eif1ad19	8	0.10282	0.27277	0.955683	146	4	-0.33962	0.6609	0.81245	0.999915	382	2	-0.33962
Hgf	35	0.10642	0.4024	0.998851	147	13	0.0043458	0.41847	0.81403	0.999915	305	11	0.0043458
Pten	18	0.1065	0.34527	0.971194	148	8	-0.19186	0.57427	0.85305	0.999915	365	4	-0.19186
Kras	13	0.10682	0.32148	0.955683	149	6	0.15282	0.097288	0.30092	0.972939	152	6	0.15282
Yap1	9	0.10948	0.28897	0.955683	150	4	-0.091783	0.96035	0.96504	0.999915	465	1	-0.091783
Insr	59	0.1102	0.45265	0.998851	151	15	0.11287	0.017431	0.12892	0.849873	49	22	0.11287
Dot1l	45	0.11241	0.43321	0.998851	152	16	0.084652	0.56692	0.9112	0.999915	362	12	0.084652
Tcf7l2	41	0.11254	0.42862	0.998851	153	11	0.36561	0.005845	0.048071	0.722047	25	22	0.36561
Pik3c3	19	0.11325	0.36275	0.995745	154	5	0.35906	0.020946	0.10901	0.849873	55	10	0.35906
H3f3b	2	0.11385	0.19113	0.910252	155	1	-0.77872	0.67466	0.67283	0.999915	388	0	-0.77872
Spred1	13	0.11557	0.33815	0.971194	156	5	-0.34546	0.38655	0.68323	0.999915	300	3	-0.34546
Ptp4a1	6	0.11596	0.27038	0.955683	157	2	0.10255	0.33068	0.54318	0.999915	273	3	0.10255
Cdkn2a	25	0.1166	0.39549	0.998851	158	3	0.53473	0.00026741	0.0029991	0.373804	2	15	0.53473
Ncoa3	18	0.11674	0.36762	0.998851	159	8	0.074702	0.51139	0.81535	0.999915	339	5	0.074702
Xiap	3	0.11755	0.20411	0.928075	160	2	-0.90289	0.90501	0.90482	0.999915	449	0	-0.90289
Nsd1	35	0.11788	0.42694	0.998851	161	12	0.28824	0.014065	0.0954	0.849873	44	16	0.28824
Grem1	8	0.1187	0.29755	0.955683	162	4	-0.32039	0.1241	0.31122	0.972939	176	2	-0.32039
Smad2	18	0.12336	0.38043	0.998851	163	5	0.070838	0.43093	0.76198	0.999915	310	7	0.070838
Jak3	24	0.12348	0.40491	0.998851	164	5	0.2608	0.073987	0.29346	0.972939	125	11	0.2608
Stat5b	17	0.12382	0.37222	0.998851	165	7	0.031783	0.23101	0.54982	0.999915	234	7	0.031783
Rad51c	1	0.12775	0.12834	0.891642	166	1	-1.0026	0.87225	0.873	0.999915	434	0	-1.0026
Prex2	51	0.1299	0.48537	0.998851	167	19	-0.093435	0.66657	0.95377	0.999915	384	15	-0.093435
Erg	32	0.12999	0.44265	0.998851	168	11	0.20167	0.032207	0.17308	0.880163	83	15	0.20167
Med12	69	0.13154	0.5121	0.998851	169	26	0.035852	0.091413	0.41667	0.999915	144	28	0.035852
Jak1	50	0.13555	0.4954	0.998851	170	17	0.0041483	0.55977	0.91351	0.999915	358	17	0.0041483
Mycl	4	0.13582	0.26291	0.955683	171	2	-0.11885	0.16838	0.30338	0.972939	202	2	-0.11885
Pdpk1	2	0.13715	0.20838	0.928075	172	1	-1.4878	0.82743	0.8269	0.999915	423	0	-1.4878
Pbrm1	34	0.13754	0.46341	0.998851	173	11	-0.14684	0.35203	0.75312	0.999915	286	6	-0.14684
Xpo1	11	0.13831	0.36344	0.995745	174	3	-0.010428	0.64235	0.84289	0.999915	374	3	-0.010428
Fgf3	26	0.13843	0.44156	0.998851	175	11	0.1585	0.0048974	0.036313	0.633254	20	11	0.1585
Flt4	86	0.14067	0.54999	0.998851	176	23	-0.019595	0.056437	0.32156	0.972939	111	35	-0.019595
Srcap	3	0.14085	0.23483	0.955683	177	2	-0.56297	0.85605	0.85691	0.999915	431	0	-0.56297
Wt1	39	0.14144	0.48517	0.998851	178	15	-0.18446	0.20191	0.59297	0.999915	216	9	-0.18446
Tnfaip3	13	0.14236	0.38188	0.998851	179	5	-0.10427	0.21909	0.50237	0.999915	224	5	-0.10427
Irs2	55	0.14256	0.52032	0.998851	180	17	0.047582	0.10394	0.43661	0.999915	161	16	0.047582
Ppm1d	5	0.14328	0.28904	0.955683	181	2	-0.036223	0.33635	0.50954	0.999915	275	2	-0.036223
Trp53bp1	19	0.14471	0.42592	0.998851	182	7	-0.19819	0.24559	0.57813	0.999915	241	6	-0.19819
Msi1	12	0.14681	0.38139	0.998851	183	5	-0.2535	0.44778	0.7272	0.999915	320	4	-0.2535
Alox12b	14	0.15086	0.40823	0.998851	184	7	-0.30329	0.12976	0.36937	0.989612	182	4	-0.30329
Akt3	16	0.15359	0.42426	0.998851	185	5	0.094179	0.30251	0.63039	0.999915	263	6	0.094179
H3f3a	1	0.15735	0.15695	0.891642	186	1	-0.96226	0.84265	0.84357	0.999915	427	0	-0.96226
Pdgfrb	44	0.15817	0.52965	0.998851	187	17	-0.086938	0.14431	0.50678	0.999915	191	18	-0.086938
Cdk8	19	0.15959	0.45263	0.998851	188	5	-0.046237	0.0032603	0.023729	0.627172	16	5	-0.046237
Arid1a	228	0.16111	0.59547	0.998851	189	77	0.036316	0.27369	0.7558	0.999915	250	79	0.036316
Rxra	21	0.16271	0.46675	0.998851	190	3	0.073145	0.0044945	0.032573	0.633254	19	8	0.073145
Rfwd2	1	0.16619	0.16604	0.891642	191	1	-1.0775	0.83381	0.83465	0.999915	426	0	-1.0775
Sh2d1a	1	0.16891	0.16893	0.891642	192	1	-0.72321	0.83109	0.83193	0.999915	425	0	-0.72321
Tnfrsf10b	1	0.17042	0.17032	0.891642	193	1	-0.59264	0.82958	0.83053	0.999915	424	0	-0.59264
Ntrk1	38	0.17262	0.53892	0.998851	194	11	0.03305	0.029975	0.17379	0.880163	78	13	0.03305
Ppp6c	12	0.17303	0.42694	0.998851	195	5	-0.20828	0.98239	0.98727	0.999915	477	1	-0.20828
Spop	9	0.17356	0.39566	0.998851	196	4	-0.23988	0.78302	0.88819	0.999915	413	2	-0.23988
U2af1	21	0.1746	0.48531	0.998851	197	7	0.39887	0.03024	0.15264	0.874032	79	12	0.39887
Fyn	27	0.17753	0.5204	0.998851	198	8	0.01259	0.087105	0.33984	0.972986	139	8	0.01259
Fgfr1	29	0.18036	0.52497	0.998851	199	6	0.30262	0.077504	0.31516	0.972939	127	14	0.30262
Nras	7	0.18048	0.38665	0.998851	200	2	0.1569	0.28602	0.50471	0.999915	254	2	0.1569
Pgbd5	2	0.18311	0.24186	0.955683	201	1	-0.13606	0.45907	0.46439	0.999915	325	1	-0.13606
Syk	28	0.18336	0.52961	0.998851	202	10	-0.073638	0.29684	0.68148	0.999915	262	10	-0.073638
Trip13	3	0.18672	0.29384	0.955683	203	1	0.1976	0.34734	0.44791	0.999915	284	1	0.1976
Pms2	9	0.1934	0.42046	0.998851	204	3	-0.087861	0.76937	0.88168	0.999915	409	1	-0.087861
Tet2	19	0.19529	0.50481	0.998851	205	8	-0.14175	0.10141	0.34346	0.977535	157	6	-0.14175
Carm1	18	0.19599	0.50136	0.998851	206	3	0.19884	0.0060997	0.039496	0.633254	27	7	0.19884
Foxo1	16	0.19682	0.4895	0.998851	207	5	0.014214	0.81128	0.94555	0.999915	420	4	0.014214
Shq1	2	0.19711	0.25211	0.955683	208	1	-0.23404	0.30476	0.33693	0.972939	266	1	-0.23404
Inpp4a	56	0.1988	0.61708	0.998851	209	19	0.051485	0.17273	0.57772	0.999915	206	19	0.051485
Mst1r	13	0.20094	0.47411	0.998851	210	2	0.38725	0.031095	0.13185	0.849873	80	8	0.38725
Arid1b	74	0.2016	0.64596	0.998851	211	28	0.18761	0.0080934	0.073576	0.769347	32	33	0.18761
Ikbke	11	0.20244	0.45506	0.998851	212	5	-0.28753	0.21226	0.47297	0.999915	221	4	-0.28753
Stk40	17	0.20271	0.50559	0.998851	213	7	-0.27217	0.43814	0.75595	0.999915	314	5	-0.27217
Rad51	3	0.20451	0.31612	0.955683	214	2	-0.41912	0.94688	0.94647	0.999915	460	0	-0.41912
Src	26	0.21312	0.56533	0.998851	215	7	0.015832	0.54121	0.86425	0.999915	348	7	0.015832
Ntrk3	78	0.2151	0.67058	0.998851	216	30	-0.10538	0.12595	0.51379	0.999915	179	26	-0.10538
Sf3b1	35	0.21602	0.60017	0.998851	217	14	-0.21189	0.58387	0.90758	0.999915	367	10	-0.21189
Mpeg1	3	0.21965	0.33569	0.971194	218	2	-0.37726	0.95952	0.95927	0.999915	463	0	-0.37726
Pmaip1	2	0.22008	0.26911	0.955683	219	1	-0.68922	0.65321	0.65212	0.999915	377	0	-0.68922
Abl1	20	0.22184	0.55211	0.998851	220	5	0.17391	0.0033061	0.024774	0.627172	17	9	0.17391
Msh6	18	0.22213	0.5421	0.998851	221	6	0.17916	0.34732	0.68638	0.999915	283	7	0.17916
Kmt2b	139	0.22265	0.69144	0.998851	222	42	0.12677	0.0052352	0.054855	0.722047	24	57	0.12677
Runx1	57	0.22378	0.65512	0.998851	223	21	-0.1041	0.097916	0.42097	0.999915	154	18	-0.1041
Gps2	16	0.22712	0.53132	0.998851	224	4	-0.10885	0.37121	0.69298	0.999915	295	6	-0.10885
Tsc2	57	0.22975	0.66332	0.998851	225	21	-0.075784	0.012573	0.098414	0.849873	43	20	-0.075784
Ctr9	1	0.23393	0.23387	0.955683	226	1	-0.6294	0.76607	0.76788	0.999915	408	0	-0.6294
Aurkb	10	0.23395	0.49557	0.998851	227	4	0.43423	0.0099503	0.047444	0.722047	38	6	0.43423
Daxx	18	0.23606	0.56261	0.998851	228	7	0.22049	0.12834	0.39327	0.999915	181	7	0.22049
Lats1	28	0.24064	0.61084	0.998851	229	10	-0.00789	0.0049163	0.038273	0.633254	22	10	-0.00789
Fgfr4	35	0.24219	0.63721	0.998851	230	10	0.30537	0.048551	0.24091	0.936785	101	17	0.30537
Trp53	109	0.24238	0.71666	0.998851	231	39	-0.028737	0.42734	0.87983	0.999915	307	33	-0.028737
Akt1	20	0.24747	0.58464	0.998851	232	6	0.22503	0.053712	0.22605	0.934093	107	8	0.22503
Pole	61	0.24865	0.6938	0.998851	233	13	0.1937	0.11094	0.46033	0.999915	166	25	0.1937
Mapk1	8	0.25017	0.48613	0.998851	234	4	-0.38232	0.08124	0.2313	0.934093	130	1	-0.38232
Gli1	17	0.25556	0.57336	0.998851	235	7	-0.28614	0.65829	0.89012	0.999915	378	3	-0.28614
Fat1	108	0.25575	0.73202	0.998851	236	39	-0.044825	0.038479	0.25211	0.937601	90	39	-0.044825
Sox2	18	0.25779	0.58685	0.998851	237	5	0.076644	0.28738	0.62784	0.999915	256	7	0.076644
Vtcn1	1	0.25825	0.25863	0.955683	238	1	-0.56831	0.74175	0.74348	0.999915	402	0	-0.56831
Crebbp	117	0.26085	0.73796	0.998851	239	38	0.14132	0.002466	0.029171	0.633254	12	52	0.14132
Mycn	3	0.26116	0.38858	0.998851	240	2	-0.32542	0.90956	0.90947	0.999915	452	0	-0.32542
Asxl1	32	0.26215	0.65363	0.998851	241	12	0.053677	0.36042	0.75525	0.999915	291	11	0.053677
Malt1	16	0.26483	0.5821	0.998851	242	5	-0.08831	0.24589	0.55893	0.999915	242	5	-0.08831
Ptch1	61	0.26523	0.71362	0.998851	243	23	-0.060313	0.45621	0.87446	0.999915	322	17	-0.060313
Cdk12	36	0.26594	0.6673	0.998851	244	12	-0.14468	0.028155	0.16476	0.880163	72	11	-0.14468
Mdm4	2	0.26905	0.3061	0.955683	245	1	-0.39756	0.67371	0.67195	0.999915	387	0	-0.39756
Traf7	33	0.2719	0.66667	0.998851	246	9	0.14995	0.0085496	0.062853	0.72414	34	13	0.14995
Rps6kb2	8	0.27354	0.51555	0.998851	247	2	0.1658	0.53156	0.7382	0.999915	346	3	0.1658
Dusp4	7	0.27674	0.48957	0.998851	248	2	0.085379	0.04273	0.13811	0.849873	96	3	0.085379
Btk	25	0.28111	0.64935	0.998851	249	8	-0.035576	0.34467	0.72116	0.999915	281	6	-0.035576
Prdm1	28	0.28212	0.661	0.998851	250	6	0.27086	0.041477	0.2036	0.912357	94	14	0.27086
Stag2	44	0.28259	0.70625	0.998851	251	13	-0.017501	0.03751	0.21059	0.912357	87	13	-0.017501
Mitf	37	0.28699	0.69685	0.998851	252	11	0.21817	0.08475	0.3546	0.989612	134	17	0.21817
Foxf1	2	0.2874	0.32041	0.955683	253	1	0.29632	0.068347	0.1195	0.849873	121	1	0.29632
Keap1	75	0.28982	0.75945	0.998851	254	17	0.13172	0.016554	0.13119	0.849873	47	31	0.13172
Notch2	81	0.2905	0.76355	0.998851	255	29	0.13447	0.08357	0.40689	0.999915	131	34	0.13447
Shoc2	1	0.29246	0.29287	0.955683	256	1	-0.43207	0.70754	0.70832	0.999915	397	0	-0.43207
Atr	40	0.29262	0.70857	0.998851	257	15	-0.16827	0.44504	0.84192	0.999915	317	12	-0.16827
Gata3	48	0.29339	0.72495	0.998851	258	12	0.0087657	0.064846	0.31622	0.972939	118	18	0.0087657
Arhgap35	7	0.29379	0.50742	0.998851	259	3	-0.39657	0.87317	0.90124	0.999915	435	1	-0.39657
Cdkn2c	3	0.29628	0.41057	0.998851	260	1	0.4385	0.12377	0.21451	0.912357	175	2	0.4385
Prkci	6	0.29691	0.5021	0.998851	261	2	0.13594	0.21431	0.40168	0.999915	223	3	0.13594
Brd4	70	0.29785	0.75685	0.998851	262	19	0.11852	0.039293	0.2422	0.936785	92	27	0.11852
Erbb3	51	0.29838	0.73592	0.998851	263	15	0.037694	0.14825	0.52649	0.999915	192	20	0.037694
Notch1	138	0.30231	0.7826	0.998851	264	32	0.27845	2.7157e-06	6.4658e-05	0.0311	1	67	0.27845
Pax5	38	0.30347	0.71412	0.998851	265	9	0.23291	0.01763	0.11797	0.849873	50	19	0.23291
Irf8	1	0.30538	0.30577	0.955683	266	1	-0.35437	0.69462	0.69556	0.999915	394	0	-0.35437
Max	15	0.30786	0.62178	0.998851	267	5	-0.096824	0.45697	0.76281	0.999915	323	5	-0.096824
Gsk3b	12	0.30808	0.59413	0.998851	268	5	0.099324	0.139	0.37036	0.989612	188	5	0.099324
Idh2	26	0.30856	0.68067	0.998851	269	5	0.31716	0.02884	0.15155	0.874032	74	14	0.31716
Casp8	9	0.30868	0.55894	0.998851	270	4	-0.19454	0.26566	0.51205	0.999915	247	3	-0.19454
Xrcc2	6	0.30993	0.51839	0.998851	271	3	-0.44105	0.56731	0.71391	0.999915	363	1	-0.44105
Eif1ax	2	0.31092	0.33811	0.971194	272	1	-0.24476	0.52959	0.52932	0.999915	345	1	-0.24476
Cenpa	5	0.31152	0.48125	0.998851	273	1	0.38778	0.14323	0.29078	0.972939	190	3	0.38778
Notch3	114	0.31306	0.79301	0.998851	274	27	0.32593	0.00041237	0.0061624	0.445318	5	54	0.32593
Eed	9	0.31789	0.56956	0.998851	275	4	0.27652	0.085253	0.24345	0.936785	137	4	0.27652
Atp6v1b2	1	0.31844	0.31867	0.955683	276	1	-0.52051	0.68156	0.68314	0.999915	393	0	-0.52051
Setbp1	2	0.31954	0.34482	0.971194	277	1	-0.64292	0.81007	0.809	0.999915	419	0	-0.64292
Rybp	1	0.32154	0.32187	0.955683	278	1	-0.39967	0.67846	0.68019	0.999915	392	0	-0.39967
Cdkn2b	4	0.32325	0.46159	0.998851	279	2	-0.12708	0.12603	0.25925	0.937601	180	1	-0.12708
Ar	71	0.32447	0.78595	0.998851	280	21	0.074777	0.13457	0.52325	0.999915	186	29	0.074777
Cebpa	6	0.32557	0.53689	0.998851	281	3	-0.088747	0.5517	0.70206	0.999915	353	2	-0.088747
Ikzf1	74	0.32623	0.78963	0.998851	282	27	-0.08155	0.26892	0.73542	0.999915	249	24	-0.08155
Dnmt3c	16	0.32911	0.64811	0.998851	283	6	-0.021139	0.028983	0.13274	0.849873	75	6	-0.021139
Ezh2	20	0.33484	0.68463	0.998851	284	5	0.32813	0.088913	0.31714	0.972939	141	10	0.32813
Smarca4	188	0.3405	0.81735	0.998851	285	59	-0.037765	0.29167	0.77483	0.999915	260	63	-0.037765
Rab35	10	0.34359	0.60655	0.998851	286	4	0.10352	0.0071516	0.036383	0.633254	31	3	0.10352
Mdm2	6	0.34432	0.55139	0.998851	287	2	0.0049856	0.89536	0.89789	0.999915	442	1	0.0049856
Klf4	12	0.34485	0.63362	0.998851	288	1	0.37356	0.023742	0.10515	0.849873	63	8	0.37356
Cic	67	0.34608	0.80122	0.998851	289	23	0.17706	0.015688	0.12356	0.849873	46	31	0.17706
Cdk6	4	0.34619	0.48605	0.998851	290	1	-0.19831	0.92683	0.92634	0.999915	455	0	-0.19831
Rtel1	12	0.35011	0.63934	0.998851	291	4	0.020619	0.39227	0.68313	0.999915	302	4	0.020619
Fanca	9	0.35647	0.61398	0.998851	292	3	-0.076439	0.84669	0.9207	0.999915	428	2	-0.076439
Hras	15	0.36026	0.67721	0.998851	293	4	-0.19394	0.8928	0.96766	0.999915	440	3	-0.19394
Spen	71	0.36077	0.81663	0.998851	294	17	0.053628	0.13293	0.51998	0.999915	185	27	0.053628
Dtx1	3	0.36608	0.45012	0.998851	295	1	-0.040105	0.7061	0.70761	0.999915	396	1	-0.040105
Smad4	55	0.37446	0.81234	0.998851	296	20	0.17941	0.22553	0.66037	0.999915	230	22	0.17941
Rac2	11	0.37515	0.64931	0.998851	297	3	0.067134	0.48882	0.74582	0.999915	332	4	0.067134
Nthl1	2	0.38136	0.39532	0.998851	298	1	-0.3843	0.87696	0.87657	0.999915	436	0	-0.3843
Erbb2	44	0.38368	0.80024	0.998851	299	15	0.031141	0.33921	0.76633	0.999915	278	15	0.031141
Etnk1	1	0.38604	0.38657	0.998851	300	0	-0.34492	0.61396	0.61569	0.999915	373	0	-0.34492
Ctla4	1	0.39208	0.39257	0.998851	301	0	-0.36431	0.60792	0.60965	0.999915	372	0	-0.36431
Parp1	21	0.39507	0.74616	0.998851	302	6	0.15494	0.13783	0.42621	0.999915	187	10	0.15494
Rel	3	0.39619	0.46775	0.998851	303	1	0.16371	0.066983	0.13799	0.849873	119	1	0.16371
Bcr	4	0.40269	0.54491	0.998851	304	1	0.052721	0.60223	0.66163	0.999915	371	1	0.052721
Dnmt3a	107	0.40385	0.86354	0.998851	305	32	0.0084998	0.068715	0.37068	0.989612	122	42	0.0084998
Lmo1	8	0.40825	0.63184	0.998851	306	3	-0.25344	0.4983	0.71087	0.999915	335	2	-0.25344
Recql4	12	0.41217	0.69417	0.998851	307	3	0.085273	0.16303	0.41114	0.999915	199	5	0.085273
Sdhc	3	0.41904	0.48199	0.998851	308	1	-0.19633	0.89359	0.89395	0.999915	441	0	-0.19633
Aurka	6	0.42067	0.60332	0.998851	309	2	-0.18576	0.46086	0.63903	0.999915	326	1	-0.18576
Ppp2r1a	42	0.42213	0.82424	0.998851	310	7	0.22255	0.018607	0.12029	0.849873	52	20	0.22255
Axin1	40	0.42597	0.82511	0.998851	311	14	-0.11705	0.045535	0.23623	0.934093	100	17	-0.11705
Kdm6a	59	0.42616	0.85317	0.998851	312	20	-0.15544	0.02686	0.17734	0.880163	70	21	-0.15544
Axl	45	0.43086	0.83492	0.998851	313	16	0.078382	0.02268	0.1454	0.852871	61	18	0.078382
Cbfb	15	0.43166	0.73796	0.998851	314	4	-0.0074093	0.23581	0.54784	0.999915	238	4	-0.0074093
Ncstn	1	0.43218	0.43222	0.998851	315	0	-0.1817	0.56782	0.56892	0.999915	364	0	-0.1817
Tes3-ps	6	0.43485	0.6129	0.998851	316	2	0.088131	0.23481	0.42699	0.999915	237	2	0.088131
Cdkn1b	3	0.439	0.49505	0.998851	317	1	0.0049985	0.49998	0.5408	0.999915	337	1	0.0049985
Smarca2	12	0.44103	0.71497	0.998851	318	2	0.21862	0.4276	0.71413	0.999915	308	4	0.21862
Tert	14	0.44306	0.73326	0.998851	319	5	-0.023433	0.23373	0.53017	0.999915	236	4	-0.023433
Hoxb13	10	0.4438	0.70321	0.998851	320	4	-0.0092218	0.73404	0.88489	0.999915	400	2	-0.0092218
Nup93	24	0.44411	0.79572	0.998851	321	8	0.15911	0.1029	0.36506	0.989612	160	10	0.15911
Acvr1	22	0.44477	0.78764	0.998851	322	8	0.057455	0.0084987	0.055959	0.722047	33	6	0.057455
Foxp1	39	0.44762	0.8393	0.998851	323	14	-0.20006	0.0044086	0.038074	0.633254	18	11	-0.20006
Smarcd1	14	0.44777	0.73684	0.998851	324	5	-0.010675	0.30423	0.61377	0.999915	265	6	-0.010675
Inpp4b	13	0.44964	0.73671	0.998851	325	3	0.1533	0.67712	0.87522	0.999915	390	4	0.1533
Sdhaf2	4	0.44986	0.57488	0.998851	326	1	0.57051	0.12185	0.25245	0.937601	171	3	0.57051
Ddx3x	1	0.45423	0.45421	0.998851	327	0	-0.11184	0.54577	0.54616	0.999915	350	0	-0.11184
Rad51d	2	0.45618	0.46048	0.998851	328	1	-0.3272	0.77523	0.77443	0.999915	411	0	-0.3272
Bcl10	1	0.45793	0.45783	0.998851	329	0	-0.1025	0.54207	0.54207	0.999915	349	0	-0.1025
Pik3cb	26	0.45986	0.80964	0.998851	330	8	-0.21957	0.8019	0.96423	0.999915	418	7	-0.21957
Bcl6	42	0.46037	0.85058	0.998851	331	12	0.039219	0.022661	0.13964	0.849873	60	17	0.039219
Erf	23	0.46219	0.80155	0.998851	332	6	0.28094	0.060629	0.25344	0.937601	117	11	0.28094
Kmt2d	264	0.46428	0.89718	0.998851	333	60	0.044315	0.0061369	0.063231	0.72414	28	94	0.044315
Csf1r	27	0.46437	0.81972	0.998851	334	5	0.28714	0.083929	0.3319	0.972939	132	13	0.28714
Foxl2	14	0.46913	0.75331	0.998851	335	5	-0.046394	0.050685	0.19335	0.911297	105	6	-0.046394
Actg1	8	0.47253	0.68716	0.998851	336	1	0.089029	0.64395	0.80423	0.999915	375	2	0.089029
Pik3c2g	24	0.47474	0.81519	0.998851	337	6	0.049033	0.15124	0.4629	0.999915	194	10	0.049033
Vhl	20	0.47494	0.79729	0.998851	338	7	-0.23103	0.090288	0.32038	0.972939	143	3	-0.23103
Park2	1	0.47681	0.47689	0.998851	339	0	-0.057684	0.52319	0.52323	0.999915	342	0	-0.057684
Babam1	10	0.48722	0.73273	0.998851	340	1	0.22217	0.12109	0.32562	0.972939	170	3	0.22217
Rad21	17	0.49419	0.79368	0.998851	341	5	-0.064132	0.093548	0.31638	0.972939	147	7	-0.064132
Rheb	2	0.49457	0.49545	0.998851	342	1	0.49758	0.032731	0.0596	0.72414	85	1	0.49758
Igf2	6	0.49911	0.65906	0.998851	343	2	0.0041937	0.6781	0.79813	0.999915	391	2	0.0041937
E2f3	18	0.50363	0.8061	0.998851	344	4	0.5241	0.0050219	0.033607	0.633254	23	10	0.5241
Traf2	10	0.50515	0.74309	0.998851	345	2	0.5468	0.021588	0.0917	0.849873	58	6	0.5468
Knstrn	2	0.50939	0.50916	0.998851	346	1	-0.05557	0.45517	0.461	0.999915	321	1	-0.05557
Ercc5	8	0.51514	0.72311	0.998851	347	3	-0.19863	0.55569	0.75824	0.999915	355	3	-0.19863
Etv1	26	0.51756	0.84845	0.998851	348	7	0.18209	0.13101	0.42878	0.999915	184	10	0.18209
Tap2	6	0.52259	0.67624	0.998851	349	2	0.15532	0.28968	0.49428	0.999915	257	3	0.15532
Fgf4	13	0.52398	0.78424	0.998851	350	3	0.16308	0.057775	0.20874	0.912357	113	6	0.16308
Vav2	1	0.52492	0.52501	0.998851	351	0	0.030825	0.47508	0.47499	0.999915	330	0	0.030825
Cxcr4	5	0.52618	0.67156	0.998851	352	2	-0.18965	0.91947	0.91998	0.999915	454	0	-0.18965
Alb	1	0.52636	0.52644	0.998851	353	0	0.044912	0.47364	0.47335	0.999915	329	0	0.044912
Rad52	2	0.53496	0.53415	0.998851	354	1	-0.54216	0.88283	0.88233	0.999915	439	0	-0.54216
Raf1	13	0.54094	0.79406	0.998851	355	4	-0.14526	0.86191	0.95063	0.999915	432	1	-0.14526
Aplnr	2	0.54215	0.54138	0.998851	356	1	0.84787	0.004903	0.0096937	0.477751	21	1	0.84787
Fgfr3	43	0.54373	0.89757	0.998851	357	12	0.020862	0.021494	0.14097	0.849873	57	18	0.020862
Tmem127	15	0.54548	0.81475	0.998851	358	5	0.081296	0.25945	0.57599	0.999915	245	5	0.081296
Fh1	18	0.54652	0.83423	0.998851	359	6	-0.14206	0.10254	0.33752	0.972939	159	5	-0.14206
Tgfbr2	28	0.54711	0.87084	0.998851	360	9	-0.021161	0.22392	0.59356	0.999915	229	11	-0.021161
Pak7	21	0.55035	0.84988	0.998851	361	6	-0.020731	0.71361	0.92818	0.999915	398	4	-0.020731
Flt3	20	0.55078	0.84728	0.998851	362	5	0.060198	0.057684	0.23692	0.934093	112	9	0.060198
Mdc1	8	0.55749	0.7543	0.998851	363	2	0.30072	0.087726	0.24557	0.937438	140	4	0.30072
Dicer1	28	0.55798	0.87632	0.998851	364	9	0.11093	0.095369	0.35835	0.989612	150	10	0.11093
Jak2	14	0.56694	0.82131	0.998851	365	3	-0.086356	0.27694	0.58245	0.999915	252	4	-0.086356
Tcf3	13	0.57189	0.81301	0.998851	366	2	0.26064	0.11423	0.3378	0.972939	167	7	0.26064
Idh1	11	0.5753	0.80353	0.998851	367	3	0.20352	0.24532	0.5161	0.999915	240	4	0.20352
Rad54l	17	0.57688	0.84607	0.998851	368	5	-0.084611	0.324	0.65611	0.999915	270	6	-0.084611
Fgfr2	54	0.57953	0.92455	0.998851	369	16	0.047787	0.055947	0.29258	0.972939	110	20	0.047787
Esr1	39	0.58035	0.91033	0.998851	370	13	-0.007389	0.073266	0.32588	0.972939	124	13	-0.007389
Ccnd2	19	0.5812	0.85625	0.998851	371	5	0.024325	0.084764	0.30716	0.972939	135	8	0.024325
Rnf43	47	0.58953	0.92185	0.998851	372	15	-0.18798	0.25922	0.68857	0.999915	244	16	-0.18798
Flt1	16	0.59512	0.84794	0.998851	373	4	-0.081194	0.32625	0.65306	0.999915	271	6	-0.081194
Smc1a	6	0.59683	0.73337	0.998851	374	2	-0.035889	0.44013	0.62457	0.999915	315	2	-0.035889
Ephb1	80	0.60256	0.94784	0.998851	375	21	0.080003	0.02256	0.1663	0.880163	59	30	0.080003
Tek	34	0.60568	0.91237	0.998851	376	10	0.088064	0.18545	0.55304	0.999915	210	14	0.088064
Mgam	2	0.61024	0.60842	0.998851	377	0	0.15562	0.35507	0.3772	0.989612	289	1	0.15562
H2-K1	2	0.61709	0.61523	0.998851	378	0	-0.12505	0.74139	0.73989	0.999915	401	0	-0.12505
Irs1	34	0.61747	0.91743	0.998851	379	9	0.45702	0.00027488	0.0031086	0.373804	3	19	0.45702
Sesn1	1	0.61887	0.62068	0.998851	380	0	0.23504	0.38113	0.38162	0.992202	297	0	0.23504
Bard1	4	0.62168	0.66466	0.998851	381	1	-0.068391	0.22701	0.36488	0.989612	231	2	-0.068391
Erbb4	80	0.62493	0.95459	0.998851	382	22	0.048749	0.43427	0.87724	0.999915	312	29	0.048749
Mtor	108	0.6293	0.95784	0.998851	383	27	0.108	0.039824	0.25798	0.937601	93	42	0.108
B2m	3	0.63434	0.63948	0.998851	384	1	-0.27218	0.23242	0.3526	0.989612	235	1	-0.27218
Tsc1	44	0.63982	0.93743	0.998851	385	14	-0.16342	0.7464	0.96871	0.999915	403	8	-0.16342
Irf1	3	0.64079	0.64526	0.998851	386	1	-0.30559	0.77458	0.77574	0.999915	410	0	-0.30559
Tdpoz8	3	0.64682	0.65001	0.998851	387	1	-0.2748	0.89607	0.89627	0.999915	444	0	-0.2748
Ago2	22	0.65634	0.9077	0.998851	388	5	0.48761	0.0026813	0.020218	0.627172	13	13	0.48761
Mga	46	0.66068	0.94556	0.998851	389	12	0.060798	0.19701	0.60097	0.999915	215	16	0.060798
Nfkbia	2	0.6699	0.66841	0.998851	390	0	-0.097753	0.76061	0.75966	0.999915	406	0	-0.097753
Ubr5	1	0.67189	0.67415	0.998851	391	0	0.30005	0.32811	0.32832	0.972939	272	1	0.30005
Gna11	21	0.68335	0.91366	0.998851	392	5	-0.066873	0.79284	0.9558	0.999915	416	6	-0.066873
Ccne1	1	0.69455	0.69549	0.998851	393	0	0.46694	0.30545	0.30586	0.972939	267	1	0.46694
Gata2	36	0.6993	0.94761	0.998851	394	11	0.17002	0.0012852	0.01422	0.531285	11	17	0.17002
Lats2	21	0.7008	0.92101	0.998851	395	5	0.096768	0.017244	0.097997	0.849873	48	9	0.096768
Ntrk2	45	0.70409	0.95742	0.998851	396	9	0.29576	0.029851	0.17874	0.880163	77	22	0.29576
Chek1	1	0.70927	0.71015	0.998851	397	0	0.92059	0.29073	0.29112	0.972939	258	1	0.92059
Inppl1	38	0.71058	0.95282	0.998851	398	10	0.33758	0.0086551	0.066493	0.726892	35	19	0.33758
Setd1b	1	0.71471	0.7159	0.998851	399	0	0.67554	0.28529	0.28558	0.972939	253	1	0.67554
Msh2	14	0.71849	0.89943	0.998851	400	3	-0.09998	0.56029	0.82213	0.999915	359	5	-0.09998
Flcn	17	0.72167	0.91634	0.998851	401	5	0.041162	0.085196	0.29499	0.972939	136	7	0.041162
Map2k2	17	0.72847	0.91984	0.998851	402	5	0.27056	0.029602	0.13683	0.849873	76	9	0.27056
Stat3	28	0.73333	0.94702	0.998851	403	8	0.20245	0.11888	0.41278	0.999915	169	12	0.20245
Lztr1	6	0.73402	0.80856	0.998851	404	1	-0.15824	0.90681	0.90699	0.999915	450	1	-0.15824
Notch4	10	0.73714	0.87931	0.998851	405	2	0.23954	0.058917	0.19514	0.911297	115	5	0.23954
Rara	38	0.74034	0.96083	0.998851	406	10	0.157	0.0091679	0.069637	0.744338	37	15	0.157
Ezh1	23	0.74814	0.94201	0.998851	407	3	0.3091	0.089298	0.32768	0.972939	142	11	0.3091
Fbxw7	60	0.74815	0.97567	0.998851	408	14	0.25546	0.049259	0.27288	0.972267	103	27	0.25546
Rras	9	0.74878	0.86698	0.998851	409	2	0.15357	0.36533	0.62371	0.999915	293	3	0.15357
Brca1	4	0.75774	0.7616	0.998851	410	1	0.17422	0.64889	0.68882	0.999915	376	1	0.17422
Inhba	43	0.76515	0.9712	0.998851	411	8	0.037133	0.36477	0.78661	0.999915	292	15	0.037133
Pot1b	3	0.76608	0.76713	0.998851	412	0	0.11766	0.55586	0.58052	0.999915	356	1	0.11766
Cdk4	8	0.76839	0.86754	0.998851	413	1	-0.10457	0.025982	0.097062	0.849873	67	2	-0.10457
Msh3	3	0.77858	0.77959	0.998851	414	0	-0.023142	0.70328	0.70478	0.999915	395	1	-0.023142
Stat6	2	0.78717	0.78587	0.998851	415	0	0.30008	0.37146	0.39017	0.999915	296	1	0.30008
Gab2	3	0.78838	0.78944	0.998851	416	0	-0.1608	0.77758	0.77856	0.999915	412	0	-0.1608
Ptpn11	37	0.79049	0.97299	0.998851	417	8	0.25994	0.035982	0.19772	0.912357	86	18	0.25994
Inha	6	0.79776	0.83522	0.998851	418	1	0.29255	0.093058	0.23238	0.934093	145	3	0.29255
Gnas	30	0.80113	0.96809	0.998851	419	7	0.46394	0.00028255	0.0029892	0.373804	4	16	0.46394
Eif4e	3	0.80215	0.8029	0.998851	420	0	-0.026863	0.038355	0.092983	0.849873	89	1	-0.026863
Men1	39	0.80307	0.97754	0.998851	421	8	0.043523	0.239	0.64573	0.999915	239	13	0.043523
Cdc42	2	0.80823	0.80725	0.998851	422	0	0.23816	0.54816	0.54752	0.999915	352	1	0.23816
Ikzf3	2	0.80869	0.80769	0.998851	423	0	0.39835	0.38894	0.40445	0.999915	301	1	0.39835
Dnmt3b	1	0.81357	0.81498	0.998851	424	0	0.82177	0.18643	0.1859	0.890639	212	1	0.82177
Dis3	13	0.82031	0.93234	0.998851	425	2	-0.12617	0.78921	0.9233	0.999915	414	3	-0.12617
Cd276	3	0.82498	0.82574	0.998851	426	0	0.36522	0.07926	0.15479	0.875908	128	2	0.36522
Egfl7	2	0.82906	0.82859	0.998851	427	0	0.46985	0.26659	0.30821	0.972939	248	1	0.46985
Ccnd1	10	0.8298	0.91561	0.998851	428	2	0.51936	0.01235	0.056944	0.722047	42	6	0.51936
Runx1t1	3	0.83568	0.83678	0.998851	429	0	0.08369	0.35023	0.44948	0.999915	285	1	0.08369
Calr	4	0.83598	0.83744	0.998851	430	0	0.060943	0.43168	0.57707	0.999915	311	2	0.060943
Trp63	81	0.83625	0.99139	0.998851	431	18	0.25577	0.023294	0.17148	0.880163	62	35	0.25577
Pdcd1lg2	1	0.8428	0.84374	0.998851	432	0	0.86326	0.1572	0.15676	0.876739	198	1	0.86326
Rras2	5	0.84469	0.84702	0.998851	433	1	-0.29221	0.67066	0.74957	0.999915	386	1	-0.29221
Mapk3	7	0.85074	0.88584	0.998851	434	1	0.16392	0.34595	0.56552	0.999915	282	3	0.16392
Card11	112	0.85471	0.99438	0.998851	435	31	0.19653	0.020882	0.16338	0.880163	54	47	0.19653
Mutyh	3	0.85505	0.85582	0.998851	436	0	0.3383	0.4028	0.47942	0.999915	304	1	0.3383
Cdkn1a	1	0.8576	0.85865	0.998851	437	0	0.70818	0.1424	0.14312	0.849873	189	1	0.70818
Palb2	3	0.86042	0.86123	0.998851	438	0	0.83073	0.12527	0.21649	0.912357	178	2	0.83073
Ddr2	37	0.86557	0.9868	0.998851	439	7	0.046498	0.66077	0.93964	0.999915	381	12	0.046498
Top1	11	0.86738	0.93936	0.998851	440	2	0.023418	0.66879	0.85575	0.999915	385	2	0.023418
Ret	24	0.87113	0.97841	0.998851	441	3	0.35254	0.017839	0.10338	0.849873	51	13	0.35254
Bcl2l11	2	0.8751	0.87476	0.998851	442	0	0.45822	0.38374	0.39992	0.999915	299	1	0.45822
Elf3	4	0.87574	0.87619	0.998851	443	0	-0.020636	0.78943	0.79179	0.999915	415	1	-0.020636
Znrf3	3	0.88227	0.88324	0.998851	444	0	0.36323	0.15655	0.25641	0.937601	196	2	0.36323
Gnaq	4	0.88279	0.88288	0.998851	445	0	0.04466	0.58219	0.6512	0.999915	366	1	0.04466
Sufu	10	0.88698	0.94295	0.998851	446	2	0.013625	0.53933	0.77085	0.999915	347	3	0.013625
Epas1	5	0.89305	0.89268	0.998851	447	0	0.21375	0.076712	0.18702	0.890639	126	2	0.21375
Dnajb1	1	0.89544	0.89667	0.998851	448	0	0.93013	0.10456	0.10526	0.849873	162	1	0.93013
Stat5a	15	0.89614	0.96752	0.998851	449	3	0.054737	0.044518	0.18258	0.887077	99	5	0.054737
Akt2	16	0.89728	0.97048	0.998851	450	3	0.24839	0.028794	0.13212	0.849873	73	8	0.24839
Fgf15	1	0.89952	0.90051	0.998851	451	0	0.80559	0.10048	0.10126	0.849873	156	1	0.80559
Klf5	2	0.90022	0.8999	0.998851	452	0	0.66343	0.099777	0.1694	0.880163	155	2	0.66343
Birc3	2	0.90619	0.90614	0.998851	453	0	0.60438	0.09381	0.15981	0.880163	148	2	0.60438
Sgk1	3	0.91567	0.91569	0.998851	454	0	0.3716	0.22032	0.33748	0.972939	225	2	0.3716
Kit	24	0.92633	0.98842	0.998851	455	2	0.26091	0.16915	0.49544	0.999915	204	11	0.26091
Map3k1	29	0.93003	0.99222	0.998851	456	5	-0.08998	0.30414	0.69395	0.999915	264	11	-0.08998
Mycs	7	0.93794	0.93808	0.998851	457	1	0.077171	0.080843	0.21813	0.912357	129	3	0.077171
Myc	11	0.94009	0.97012	0.998851	458	1	0.12474	0.49013	0.74677	0.999915	333	4	0.12474
Plcg1	6	0.94357	0.94333	0.998851	459	0	0.015436	0.9285	0.92705	0.999915	456	0	0.015436
Sox9	47	0.94405	0.99728	0.998851	460	7	0.17175	0.054441	0.27852	0.972939	109	16	0.17175
Axin2	23	0.94435	0.99132	0.998851	461	4	0.2258	0.018976	0.10616	0.849873	53	11	0.2258
Chek2	14	0.94518	0.97957	0.998851	462	2	0.36254	0.027657	0.12471	0.849873	71	7	0.36254
Tet3	1	0.94589	0.94608	0.998851	463	0	1.14	0.054112	0.054268	0.722047	108	1	1.14
Rad50	12	0.94752	0.97698	0.998851	464	1	0.27689	0.031703	0.13094	0.849873	81	6	0.27689
Gata1	16	0.95077	0.98632	0.998851	465	1	0.26521	0.16844	0.45296	0.999915	203	6	0.26521
Pold1	60	0.95299	0.99862	0.998851	466	12	0.10691	0.031883	0.20219	0.912357	82	25	0.10691
Foxa1	35	0.95863	0.99706	0.998851	467	5	0.29686	0.03796	0.2028	0.912357	88	17	0.29686
Gna13	5	0.96445	0.96462	0.998851	468	0	0.62927	0.024597	0.075227	0.769877	65	4	0.62927
Smad3	53	0.96855	0.99885	0.998851	469	10	0.091636	0.18073	0.58675	0.999915	208	18	0.091636
Csf3r	3	0.9736	0.97344	0.998851	470	0	0.76673	0.026397	0.065797	0.726892	69	3	0.76673
Ltb	1	0.97527	0.97543	0.998851	471	0	1.4765	0.024734	0.024714	0.627172	66	1	1.4765
Tap1	6	0.97699	0.97732	0.998851	472	0	0.060877	0.33697	0.55038	0.999915	276	1	0.060877
Msi2	9	0.97814	0.97744	0.998851	473	0	0.72514	0.001013	0.0064807	0.445318	9	7	0.72514
Map2k1	9	0.97832	0.97764	0.998851	474	0	0.70918	0.0028511	0.015602	0.536056	14	6	0.70918
Rit1	10	0.98091	0.98126	0.998851	475	1	0.22342	0.10883	0.305	0.972939	165	5	0.22342
Tet1	10	0.98156	0.98168	0.998851	476	1	0.31049	0.28694	0.55699	0.999915	255	4	0.31049
Sesn3	6	0.98921	0.9893	0.998851	477	0	0.41931	0.049595	0.14235	0.849873	104	4	0.41931
Nfe2	4	0.99106	0.99099	0.998851	478	0	0.74706	0.0089399	0.030175	0.633254	36	4	0.74706
Myd88	6	0.99282	0.99301	0.998851	479	0	0.50105	0.084396	0.21496	0.912357	133	4	0.50105
Igf1	10	0.99611	0.996	0.998851	480	0	0.2799	0.44689	0.70698	0.999915	319	4	0.2799
Cd79a	7	0.99853	0.99858	0.998851	481	0	0.37651	0.0065896	0.029101	0.633254	30	4	0.37651
