id	num	neg|score	neg|p-value	neg|fdr	neg|rank	neg|goodsgrna	neg|lfc	pos|score	pos|p-value	pos|fdr	pos|rank	pos|goodsgrna	pos|lfc
safe_target	313	1.5869e-13	4.9737e-06	0.001196	1	159	-0.45912	0.98732	0.99996	0.999955	476	51	-0.45912
non_target	123	5.295e-08	4.9737e-06	0.001196	2	66	-0.521	0.9439	0.99912	0.999955	458	20	-0.521
Epha7	82	0.00010601	0.0019547	0.226077	3	43	-0.37508	0.76985	0.98475	0.999955	411	17	-0.37508
Atrx	38	0.00015905	0.0020541	0.226077	4	21	-0.77685	0.86915	0.98795	0.999955	440	10	-0.77685
Ptprd	142	0.00020781	0.0033672	0.226077	5	65	-0.23503	0.026457	0.19299	0.835693	70	33	-0.23503
Crebbp	117	0.00025274	0.0039242	0.226077	6	36	0.027969	0.0042649	0.046161	0.688131	24	43	0.027969
Epha3	81	0.00033851	0.0043918	0.226077	7	34	-0.22053	0.5579	0.93388	0.999955	356	20	-0.22053
Kdm6a	59	0.00044123	0.0056053	0.239035	8	31	-0.40992	0.87569	0.99375	0.999955	443	15	-0.40992
Phox2b	26	0.00046933	0.0047001	0.226077	9	16	-0.56309	0.7641	0.95404	0.999955	409	4	-0.56309
Kmt2a	80	0.0004908	0.0069482	0.257085	10	38	-0.26079	0.57586	0.94012	0.999955	363	22	-0.26079
Nf1	138	0.00054273	0.0075351	0.258886	11	63	-0.30738	0.50662	0.91791	0.999955	342	34	-0.30738
Gna13	5	0.00062478	0.0027703	0.226077	12	2	-0.064764	0.65805	0.74056	0.999955	379	1	-0.064764
Etv6	29	0.00064276	0.0059635	0.239035	13	13	-0.26066	0.78506	0.96279	0.999955	415	6	-0.26066
Grem1	8	0.00070045	0.0039143	0.226077	14	6	-0.77498	0.97852	0.9778	0.999955	474	0	-0.77498
Ros1	52	0.0010791	0.012409	0.351112	15	28	-0.46159	0.96683	0.99895	0.999955	466	10	-0.46159
Brca2	13	0.0012925	0.0089676	0.269587	16	8	-0.87327	0.80036	0.92621	0.999955	423	3	-0.87327
Rb1	67	0.0016421	0.019223	0.39541	17	34	-0.35418	0.76055	0.97988	0.999955	406	15	-0.35418
Ctnnb1	52	0.0019617	0.021113	0.39541	18	21	-0.12925	0.2645	0.69915	0.999955	252	16	-0.12925
Atr	40	0.0020769	0.020009	0.39541	19	20	-0.38208	0.4985	0.87264	0.999955	338	8	-0.38208
Pik3c2g	24	0.0023053	0.018646	0.39541	20	15	-0.40552	0.57718	0.87628	0.999955	364	3	-0.40552
Pbrm1	34	0.0023438	0.021014	0.39541	21	16	-0.27831	0.82816	0.9787	0.999955	431	7	-0.27831
Bap1	56	0.0025653	0.025988	0.39541	22	14	0.0023179	0.018403	0.13123	0.766376	53	22	0.0023179
Bcor	50	0.0027297	0.026027	0.39541	23	18	0.11269	0.32381	0.76092	0.999955	276	18	0.11269
Negr1	26	0.0027887	0.021849	0.39541	24	12	-0.1774	0.29612	0.66983	0.999955	262	9	-0.1774
Epcam	3	0.003241	0.0087288	0.269587	25	3	-1.4544	0.99676	0.99672	0.999955	480	0	-1.4544
Dis3	13	0.0033343	0.020636	0.39541	26	8	-0.8488	0.73386	0.90226	0.999955	397	2	-0.8488
Cul3	24	0.0034256	0.026306	0.39541	27	14	-0.68329	0.5406	0.85674	0.999955	352	5	-0.68329
Plcg2	75	0.0035927	0.037049	0.481637	28	22	-0.023445	0.34379	0.81134	0.999955	283	25	-0.023445
Ctcf	44	0.0036518	0.0331	0.442251	29	22	-0.34341	0.18794	0.58276	0.999955	220	10	-0.34341
Kdr	58	0.0041988	0.039705	0.502581	30	22	0.009363	0.61544	0.94111	0.999955	372	18	0.009363
Ep300	71	0.0045037	0.044838	0.526024	31	30	-0.11024	0.87472	0.99457	0.999955	441	20	-0.11024
Atm	69	0.0049038	0.048359	0.541949	32	22	0.033419	0.33716	0.79711	0.999955	281	23	0.033419
Pik3cg	92	0.006411	0.064295	0.560962	33	34	-0.047152	0.081268	0.40981	0.947679	136	31	-0.047152
Piga	3	0.0067671	0.01794	0.39541	34	3	-0.91333	0.99323	0.99311	0.999955	479	0	-0.91333
Smarcb1	22	0.0073211	0.048449	0.541949	35	9	-0.039362	0.1037	0.3606	0.91351	162	8	-0.039362
Gli1	17	0.0073342	0.043505	0.52506	36	10	-0.324	0.37922	0.70927	0.999955	301	5	-0.324
Ankrd11	35	0.0079997	0.05946	0.560962	37	17	-0.28878	0.096276	0.37979	0.928363	153	11	-0.28878
Rara	38	0.0080795	0.061818	0.560962	38	18	-0.12373	0.12765	0.45686	0.987624	182	13	-0.12373
Cdkn2b	4	0.0082817	0.028305	0.412571	39	2	-0.15202	0.019343	0.057083	0.695275	57	2	-0.15202
Sdhc	3	0.0091048	0.024117	0.39541	40	2	-1.171	0.80817	0.8087	0.999955	425	0	-1.171
Trp53bp1	19	0.010167	0.060197	0.560962	41	9	-0.30983	0.69006	0.91215	0.999955	388	5	-0.30983
Smad2	18	0.010215	0.058486	0.560962	42	9	-0.50616	0.46475	0.78407	0.999955	320	5	-0.50616
Tgfbr1	34	0.010215	0.072352	0.580656	43	13	-0.096905	0.74067	0.95858	0.999955	398	9	-0.096905
Tshr	22	0.010279	0.065041	0.560962	44	12	-0.36157	0.68775	0.92158	0.999955	387	6	-0.36157
Syk	28	0.010503	0.069637	0.579484	45	8	0.26911	0.051771	0.23789	0.86926	106	13	0.26911
Drosha	42	0.010686	0.075317	0.580656	46	21	-0.32371	0.6074	0.92403	0.999955	370	7	-0.32371
Phf6	6	0.011501	0.043664	0.52506	47	5	-0.59048	0.97142	0.97175	0.999955	468	0	-0.59048
Msh3	3	0.01206	0.031379	0.442251	48	3	-0.9809	0.98794	0.98798	0.999955	478	0	-0.9809
H3f3b	2	0.012451	0.02363	0.39541	49	2	-1.3177	0.98755	0.98768	0.999955	477	0	-1.3177
Nuf2	3	0.012594	0.032901	0.442251	50	2	-1.9451	0.90177	0.90158	0.999955	447	0	-1.9451
Mre11a	1	0.013858	0.013633	0.364301	51	1	-2.6274	0.98614	0.98623	0.999955	475	0	-2.6274
Axin1	40	0.014099	0.096415	0.634456	52	19	-0.33386	0.013504	0.094943	0.766376	40	10	-0.33386
Igf1r	38	0.014115	0.096455	0.634456	53	15	-0.1733	0.045524	0.23398	0.86926	98	9	-0.1733
Prkd1	30	0.014623	0.092635	0.634456	54	13	-0.34298	0.74422	0.95478	0.999955	402	4	-0.34298
Braf	30	0.014958	0.094445	0.634456	55	16	-0.40971	0.97385	0.99781	0.999955	469	5	-0.40971
Sos1	18	0.015434	0.08219	0.605372	56	7	-0.039652	0.30643	0.64427	0.999955	267	5	-0.039652
Kmt2b	139	0.015624	0.12963	0.671078	57	42	0.11024	0.089884	0.4351	0.982557	148	50	0.11024
Il7r	7	0.015782	0.058913	0.560962	58	5	-0.55252	0.61818	0.76541	0.999955	373	1	-0.55252
Spop	9	0.01586	0.06531	0.560962	59	4	0.17089	0.24624	0.48762	0.99004	247	4	0.17089
Csde1	17	0.016277	0.083066	0.605372	60	5	0.0084787	0.57181	0.84724	0.999955	360	5	0.0084787
Mlh1	26	0.01669	0.097609	0.634456	61	14	-0.28103	0.08081	0.3141	0.91351	135	10	-0.28103
Nkx3-1	11	0.017717	0.075486	0.580656	62	7	-0.39107	0.69716	0.86837	0.999955	391	2	-0.39107
Asxl2	28	0.017811	0.106	0.640469	63	14	-0.3828	0.30582	0.68907	0.999955	265	5	-0.3828
Map2k4	30	0.019338	0.11544	0.653279	64	12	-0.15687	0.84052	0.978	0.999955	436	7	-0.15687
Yes1	7	0.019348	0.069875	0.579484	65	4	-0.79603	0.74275	0.84802	0.999955	401	1	-0.79603
Pgr	22	0.019417	0.10627	0.640469	66	10	-0.11043	0.082162	0.30896	0.91351	138	7	-0.11043
Pdgfra	55	0.019682	0.13785	0.683545	67	25	0.023343	0.45081	0.86598	0.999955	316	17	0.023343
Eif1ad19	8	0.019733	0.075983	0.580656	68	5	-0.77843	0.18353	0.39542	0.936939	217	3	-0.77843
Pot1b	3	0.019748	0.050548	0.542743	69	2	-0.86793	0.78717	0.7883	0.999955	417	0	-0.86793
Smarcd1	14	0.021911	0.1016	0.640469	70	7	-0.28261	0.58789	0.83554	0.999955	366	3	-0.28261
Irf8	1	0.023072	0.023232	0.39541	71	1	-1.3338	0.97693	0.97721	0.999955	472	0	-1.3338
Hras	15	0.023314	0.10785	0.640469	72	8	-0.36139	0.36581	0.68413	0.999955	296	3	-0.36139
Ppp6c	12	0.023674	0.10112	0.640469	73	7	-0.47029	0.93368	0.97103	0.999955	455	2	-0.47029
Etv1	26	0.024225	0.13126	0.671078	74	13	-0.2688	0.48604	0.82947	0.999955	330	8	-0.2688
Trip13	3	0.024515	0.06145	0.560962	75	3	-0.64355	0.97548	0.97516	0.999955	470	0	-0.64355
Prkci	6	0.024763	0.081593	0.605372	76	3	-0.31657	0.17102	0.3451	0.91351	209	2	-0.31657
Crkl	3	0.024918	0.062395	0.560962	77	2	-0.99338	0.79333	0.79449	0.999955	419	0	-0.99338
Fgf4	13	0.025708	0.11238	0.643512	78	5	-0.17658	0.47202	0.75639	0.999955	323	5	-0.17658
Abl1	20	0.026528	0.1306	0.671078	79	7	0.11172	0.15173	0.44375	0.987624	198	7	0.11172
Kdm5a	33	0.026864	0.15072	0.732275	80	12	-0.098748	0.042705	0.21447	0.838702	95	8	-0.098748
Trp53	109	0.027067	0.19357	0.776088	81	41	-0.077528	0.27008	0.75145	0.999955	254	37	-0.077528
Mapkap1	8	0.027752	0.097151	0.634456	82	3	0.26584	0.51095	0.72044	0.999955	343	3	0.26584
Kdm5c	58	0.029921	0.18813	0.776088	83	23	-0.22813	0.017184	0.12686	0.766376	50	16	-0.22813
Csf1r	27	0.030399	0.16182	0.763088	84	9	-0.17832	0.71678	0.94181	0.999955	393	6	-0.17832
Ptp4a1	6	0.030641	0.096176	0.634456	85	3	-0.42578	0.61399	0.74787	0.999955	371	1	-0.42578
Spred1	13	0.030692	0.12964	0.671078	86	7	-0.54896	0.66791	0.87006	0.999955	382	3	-0.54896
Hist1h3a	7	0.032063	0.10756	0.640469	87	3	-0.25399	0.50064	0.6956	0.999955	339	1	-0.25399
Dicer1	28	0.032347	0.16644	0.763203	88	11	-0.19026	0.40145	0.77755	0.999955	304	8	-0.19026
Ksr2	6	0.034595	0.10548	0.640469	89	3	-0.36194	0.46897	0.64139	0.999955	322	2	-0.36194
Apc	119	0.035181	0.23391	0.836046	90	44	-0.14395	0.97055	0.99975	0.999955	467	25	-0.14395
Hnf1a	34	0.035736	0.18781	0.776088	91	12	-0.089989	0.082005	0.33801	0.91351	137	10	-0.089989
Wwtr1	9	0.036354	0.12964	0.671078	92	6	-0.47428	0.70386	0.85056	0.999955	392	2	-0.47428
Tes3-ps	6	0.036402	0.10964	0.643161	93	2	-0.28245	0.41989	0.60753	0.999955	310	2	-0.28245
Pak1	17	0.039257	0.16546	0.763203	94	9	-0.41071	0.67873	0.89766	0.999955	385	3	-0.41071
Vhl	20	0.041909	0.18411	0.776088	95	6	0.0052397	0.35758	0.70784	0.999955	291	7	0.0052397
Ylpm1	2	0.042214	0.076053	0.580656	96	2	-0.69039	0.95779	0.95723	0.999955	463	0	-0.69039
Fgf3	26	0.04225	0.19741	0.778316	97	9	-0.21329	0.20427	0.55362	0.999955	226	9	-0.21329
Pik3ca	64	0.042501	0.24694	0.836046	98	28	-0.26421	0.96549	0.99911	0.999955	465	13	-0.26421
Pten	18	0.042895	0.18259	0.776088	99	6	-0.16033	0.65017	0.89166	0.999955	376	2	-0.16033
Blm	13	0.04365	0.1666	0.763203	100	6	-0.42047	0.83911	0.94109	0.999955	435	2	-0.42047
Fubp1	11	0.044249	0.15879	0.756194	101	5	-0.25206	0.12333	0.3379	0.91351	177	3	-0.25206
Lztr1	6	0.046238	0.13266	0.671078	102	4	-0.54092	0.9404	0.94006	0.999955	457	0	-0.54092
Rad54l	17	0.046608	0.18767	0.776088	103	9	-0.30565	0.37744	0.7079	0.999955	300	5	-0.30565
Ptch1	61	0.047239	0.2628	0.836046	104	16	-0.0076459	0.48061	0.88677	0.999955	325	17	-0.0076459
Prex2	51	0.0474	0.25586	0.836046	105	22	-0.25586	0.0057612	0.051503	0.688131	29	16	-0.25586
Lyn	12	0.048539	0.17588	0.776088	106	5	-0.20729	0.6608	0.862	0.999955	380	3	-0.20729
Epha5	76	0.050274	0.28787	0.870859	107	28	-0.10693	0.13494	0.53014	0.999955	189	21	-0.10693
Bcl10	1	0.050638	0.050776	0.542743	108	1	-1.5154	0.94936	0.94977	0.999955	461	0	-1.5154
Wt1	39	0.051985	0.25568	0.836046	109	17	-0.097973	0.34723	0.7639	0.999955	285	12	-0.097973
Cdk6	4	0.053658	0.12678	0.671078	110	3	-0.59272	0.48342	0.59802	0.999955	328	1	-0.59272
Cbfb	15	0.057003	0.21142	0.807075	111	8	-0.47999	0.022973	0.10733	0.766376	64	5	-0.47999
Cdkn2a	25	0.057807	0.24634	0.836046	112	4	0.73462	9.327e-08	4.9737e-06	0.002392	1	19	0.73462
Pik3c3	19	0.058184	0.23176	0.836046	113	10	-0.33115	0.94651	0.98878	0.999955	459	3	-0.33115
Erg	32	0.058357	0.26115	0.836046	114	8	0.024595	0.34961	0.7444	0.999955	287	12	0.024595
Pim1	56	0.05859	0.29856	0.897533	115	16	0.11639	0.033963	0.20696	0.835693	82	24	0.11639
Rps6ka4	46	0.059065	0.28699	0.870859	116	12	0.22306	0.0077303	0.0634	0.709191	34	22	0.22306
Hoxb13	10	0.059185	0.1942	0.776088	117	5	-0.3768	0.78619	0.90065	0.999955	416	2	-0.3768
Pms1	10	0.059342	0.19463	0.776088	118	6	-0.52171	0.876	0.93828	0.999955	444	2	-0.52171
Foxp1	39	0.060819	0.28521	0.870859	119	14	-0.033185	0.35285	0.76917	0.999955	289	11	-0.033185
H3f3a	1	0.061287	0.061798	0.560962	120	1	-1.4826	0.93871	0.93908	0.999955	456	0	-1.4826
Pik3r1	25	0.063077	0.26105	0.836046	121	12	-0.24418	0.4334	0.79068	0.999955	313	6	-0.24418
Casp8	9	0.06438	0.19523	0.776088	122	4	-0.11178	0.79515	0.89242	0.999955	421	2	-0.11178
Flt4	86	0.06508	0.34796	0.959549	123	24	0.19154	0.014409	0.12354	0.766376	43	35	0.19154
Xiap	3	0.065685	0.13122	0.671078	124	2	-0.92699	0.95249	0.95197	0.999955	462	0	-0.92699
Rac1	12	0.066318	0.22365	0.836046	125	4	0.082412	0.48297	0.74806	0.999955	327	4	0.082412
U2af1	21	0.066632	0.26135	0.836046	126	8	0.027657	0.040158	0.18475	0.835693	93	9	0.027657
Eif1ax	2	0.06791	0.1188	0.664432	127	1	-0.59925	0.48225	0.48471	0.99004	326	1	-0.59925
Rps6kb2	8	0.068768	0.2017	0.782393	128	4	-0.2144	0.82179	0.90293	0.999955	427	2	-0.2144
Mst1r	13	0.069807	0.23446	0.836046	129	2	0.20078	0.064282	0.22346	0.859885	121	4	0.20078
Mapk1	8	0.071459	0.20807	0.80067	130	4	-0.46215	0.32339	0.56241	0.999955	275	3	-0.46215
Setd2	45	0.072305	0.32792	0.944891	131	15	0.11397	0.098317	0.4019	0.942992	158	19	0.11397
Myd88	6	0.072692	0.18951	0.776088	132	2	0.0029945	0.036806	0.1125	0.766376	87	3	0.0029945
Inpp4b	13	0.074388	0.24569	0.836046	133	5	0.016013	0.55974	0.80907	0.999955	357	4	0.016013
Irf1	3	0.074747	0.14384	0.70601	134	2	-0.49395	0.7942	0.79527	0.999955	420	0	-0.49395
Ar	71	0.074845	0.36635	0.979067	135	18	0.14502	0.13809	0.52955	0.999955	191	28	0.14502
Sox17	46	0.077621	0.34274	0.958482	136	18	-0.15258	0.33009	0.76053	0.999955	279	17	-0.15258
Kmt2c	75	0.07778	0.38227	0.980749	137	26	-0.14356	0.51297	0.91447	0.999955	344	23	-0.14356
Ncor2	5	0.078416	0.18352	0.776088	138	1	0.53711	0.01879	0.0595	0.698039	55	4	0.53711
Jak1	50	0.080544	0.35741	0.976797	139	18	-0.10022	0.56165	0.91381	0.999955	358	13	-0.10022
Rtel1	12	0.080683	0.25425	0.836046	140	5	-0.10906	0.41654	0.7027	0.999955	309	2	-0.10906
Gsk3b	12	0.081522	0.25599	0.836046	141	4	0.22921	0.13576	0.36344	0.91476	190	5	0.22921
Kras	13	0.082109	0.2642	0.836046	142	7	-0.40525	0.87528	0.95635	0.999955	442	3	-0.40525
Inpp4a	56	0.08311	0.37596	0.980749	143	15	-0.021658	0.088975	0.39528	0.936939	146	22	-0.021658
Fgfr3	43	0.085449	0.36359	0.979067	144	11	0.017835	0.46122	0.85485	0.999955	319	11	0.017835
Ubr5	1	0.086814	0.087074	0.625116	145	1	-0.96576	0.91319	0.91382	0.999955	449	0	-0.96576
Tgfbr2	28	0.088021	0.33621	0.945704	146	9	0.035351	0.07438	0.30502	0.91351	130	8	0.035351
Rasa1	31	0.090412	0.34911	0.959549	147	14	-0.34947	0.88014	0.98617	0.999955	445	6	-0.34947
Slx4	6	0.091256	0.22788	0.836046	148	1	-0.14266	0.050033	0.1426	0.784447	104	2	-0.14266
Fanca	9	0.091674	0.25214	0.836046	149	4	-0.24487	0.99882	0.99881	0.999955	481	0	-0.24487
Babam1	10	0.092917	0.26641	0.837524	150	3	-0.068107	0.41512	0.67676	0.999955	308	3	-0.068107
Rhoa	12	0.095028	0.28347	0.870859	151	4	-0.13507	0.74197	0.89697	0.999955	399	3	-0.13507
Xrcc2	6	0.096529	0.23907	0.836046	152	3	-0.6502	0.36844	0.57313	0.999955	298	2	-0.6502
Rad51	3	0.098216	0.17719	0.776088	153	2	-0.62487	0.65446	0.65772	0.999955	378	1	-0.62487
Met	37	0.09888	0.38584	0.980749	154	13	-0.26071	0.069681	0.3109	0.91351	125	15	-0.26071
Cyld	7	0.098886	0.24636	0.836046	155	4	-0.31114	0.9769	0.97701	0.999955	471	0	-0.31114
Plk2	13	0.102	0.30966	0.913773	156	4	0.14421	0.57346	0.817	0.999955	361	3	0.14421
Rptor	38	0.10217	0.3951	0.984691	157	12	0.03199	0.086191	0.35777	0.91351	142	15	0.03199
Ikzf1	74	0.10413	0.45126	0.999816	158	23	-0.18913	0.49567	0.90479	0.999955	336	24	-0.18913
Rragc	7	0.10701	0.26091	0.836046	159	3	-0.0058339	0.044334	0.14246	0.784447	96	2	-0.0058339
Pole	61	0.10802	0.44735	0.999816	160	24	-0.080659	0.31337	0.76789	0.999955	269	17	-0.080659
Cdk12	36	0.1101	0.41291	0.985705	161	11	0.10115	0.31467	0.72282	0.999955	270	12	0.10115
Shoc2	1	0.11068	0.11148	0.643512	162	1	-0.92925	0.88932	0.89043	0.999955	446	0	-0.92925
Asxl1	32	0.11246	0.40246	0.985705	163	9	0.11383	0.11359	0.40956	0.947679	170	12	0.11383
Rel	3	0.11535	0.19965	0.780741	164	2	-0.61807	0.20026	0.31153	0.91351	224	1	-0.61807
Jun	4	0.1155	0.23673	0.836046	165	2	-0.58225	0.22202	0.3581	0.91351	234	1	-0.58225
Grin2a	159	0.11863	0.50504	0.999816	166	57	-0.059856	0.57354	0.94244	0.999955	362	53	-0.059856
Shq1	2	0.11868	0.19087	0.776088	167	1	-1.0846	0.79933	0.79828	0.999955	422	0	-1.0846
Rras2	5	0.12111	0.25246	0.836046	168	1	-0.0053395	0.388	0.55155	0.999955	302	1	-0.0053395
Top1	11	0.12163	0.33199	0.944891	169	4	-0.20655	0.49409	0.74842	0.999955	333	4	-0.20655
Ppp2r1a	42	0.12168	0.44565	0.999816	170	11	0.23333	0.039446	0.21089	0.835693	92	19	0.23333
Cdk8	19	0.12221	0.38	0.980749	171	9	-0.30858	0.12644	0.3913	0.936939	181	6	-0.30858
Erbb4	80	0.12247	0.50098	0.999816	172	31	-0.14738	0.031691	0.21196	0.835693	80	26	-0.14738
Msh6	18	0.13003	0.38811	0.980749	173	8	0.10195	0.31008	0.64794	0.999955	268	6	0.10195
Ercc4	18	0.13008	0.38819	0.980749	174	3	0.1732	0.097303	0.32496	0.91351	156	6	0.1732
Rad51c	1	0.13099	0.13152	0.671078	175	1	-0.95858	0.86901	0.86989	0.999955	439	0	-0.95858
Rad51b	1	0.13334	0.13394	0.671078	176	1	-0.9583	0.86666	0.86772	0.999955	438	0	-0.9583
Smyd3	13	0.1353	0.36639	0.979067	177	5	-0.02313	0.2384	0.52743	0.999955	241	4	-0.02313
Id3	7	0.13755	0.31529	0.91911	178	3	-0.35477	0.44547	0.66136	0.999955	314	2	-0.35477
Csf3r	3	0.13889	0.23116	0.836046	179	2	-0.70068	0.00011328	0.00029345	0.04366	4	1	-0.70068
Upf1	33	0.14128	0.46695	0.999816	180	12	-0.062429	0.14241	0.47431	0.987624	192	10	-0.062429
Irf4	21	0.14315	0.42919	0.999816	181	6	-0.16008	0.29064	0.64833	0.999955	259	8	-0.16008
Malt1	16	0.14943	0.4128	0.985705	182	7	-0.2857	0.3626	0.68241	0.999955	293	3	-0.2857
Nsd1	35	0.15162	0.49409	0.999816	183	14	0.29849	0.058257	0.27385	0.902793	112	16	0.29849
Mycn	3	0.15491	0.25194	0.836046	184	2	-0.45101	0.67544	0.67718	0.999955	384	1	-0.45101
Alb	1	0.15629	0.15572	0.749019	185	1	-0.96242	0.84371	0.84461	0.999955	437	0	-0.96242
Setdb1	6	0.16483	0.33169	0.944891	186	3	-0.35623	0.97803	0.97828	0.999955	473	0	-0.35623
Stk11	53	0.16742	0.55778	0.999816	187	15	0.0059771	0.17528	0.57693	0.999955	212	17	0.0059771
Cdkn1a	1	0.16823	0.16834	0.763903	188	1	-0.65794	0.83177	0.83273	0.999955	432	0	-0.65794
Kit	24	0.16978	0.48808	0.999816	189	5	0.40651	0.010231	0.065877	0.72015	35	12	0.40651
Sgk1	3	0.17142	0.27297	0.852591	190	1	0.082889	0.76349	0.76469	0.999955	408	0	0.082889
Atp6v1b2	1	0.17261	0.17264	0.776081	191	1	-1.0419	0.82739	0.8283	0.999955	430	0	-1.0419
Hist1h3g	11	0.17287	0.40998	0.985705	192	3	-0.070832	0.29119	0.5733	0.999955	260	3	-0.070832
Akt1	20	0.1732	0.47866	0.999816	193	5	0.29573	0.047371	0.20572	0.835693	102	11	0.29573
Nras	7	0.17391	0.37369	0.980749	194	3	-0.15313	0.034118	0.11351	0.766376	83	2	-0.15313
Cdc73	11	0.17572	0.41396	0.985705	195	5	-0.42507	0.78102	0.91165	0.999955	413	2	-0.42507
Bmpr1a	16	0.17727	0.45637	0.999816	196	6	-0.21301	0.66617	0.88795	0.999955	381	3	-0.21301
Ercc3	21	0.17732	0.48686	0.999816	197	8	-0.07611	0.66936	0.91007	0.999955	383	5	-0.07611
Acvr1	22	0.1778	0.49486	0.999816	198	9	-0.29466	0.83474	0.96774	0.999955	433	5	-0.29466
Btg1	13	0.17894	0.43751	0.999816	199	6	-0.19098	0.14815	0.39474	0.936939	196	5	-0.19098
Pdgfrb	44	0.17977	0.56552	0.999816	200	11	0.29627	0.0041014	0.037009	0.613843	23	24	0.29627
Amer1	39	0.18147	0.55599	0.999816	201	16	-0.15371	0.13334	0.47066	0.987624	188	9	-0.15371
Tet2	19	0.18382	0.48442	0.999816	202	8	-0.04907	0.19219	0.50498	0.999955	222	6	-0.04907
Smad3	53	0.1845	0.58711	0.999816	203	10	0.22919	0.0067629	0.05768	0.695275	32	24	0.22919
Pik3cb	26	0.18662	0.52192	0.999816	204	9	0.083311	0.17664	0.51094	0.999955	214	11	0.083311
Errfi1	7	0.18778	0.38944	0.980749	205	2	-0.031846	0.15353	0.34279	0.91351	201	3	-0.031846
Lats2	21	0.18803	0.50438	0.999816	206	8	-0.25899	0.69008	0.91843	0.999955	389	6	-0.25899
Arid5b	35	0.19275	0.56243	0.999816	207	7	0.018682	0.40665	0.80442	0.999955	306	13	0.018682
Smo	45	0.19314	0.58377	0.999816	208	11	0.089458	0.254	0.67359	0.999955	248	18	0.089458
Xpo1	11	0.19326	0.43933	0.999816	209	4	-0.24595	0.27933	0.55928	0.999955	258	2	-0.24595
E2f3	18	0.19488	0.49861	0.999816	210	6	0.077962	0.12815	0.39266	0.936939	183	6	0.077962
Ptprs	147	0.19664	0.65186	0.999816	211	53	-0.025686	0.00021993	0.0035562	0.285088	6	54	-0.025686
H2-D1	3	0.19694	0.30603	0.913773	212	1	-0.1471	0.7507	0.75141	0.999955	404	0	-0.1471
Cdkn1b	3	0.19819	0.30781	0.913773	213	2	-0.73816	0.79214	0.79308	0.999955	418	0	-0.73816
Jak2	14	0.19839	0.47482	0.999816	214	4	-0.12743	0.53403	0.80318	0.999955	348	4	-0.12743
Ntrk3	78	0.20098	0.64749	0.999816	215	22	0.087358	0.38948	0.84498	0.999955	303	25	0.087358
Plcg1	6	0.20197	0.38028	0.980749	216	2	-0.12189	0.9189	0.91783	0.999955	450	1	-0.12189
Cux1	6	0.20214	0.38052	0.980749	217	2	0.46362	0.011392	0.043455	0.688131	36	3	0.46362
Hgf	35	0.20287	0.57818	0.999816	218	11	0.072715	0.36558	0.76956	0.999955	294	11	0.072715
Nbn	2	0.204	0.25375	0.836046	219	1	-0.61882	0.76348	0.76259	0.999955	407	0	-0.61882
Ntrk2	45	0.20705	0.60549	0.999816	220	13	0.14813	0.086207	0.3693	0.915639	143	19	0.14813
Src	26	0.20735	0.55606	0.999816	221	9	0.057863	0.49713	0.8367	0.999955	337	8	0.057863
Foxa1	35	0.20755	0.58529	0.999816	222	7	0.26498	0.027058	0.15739	0.796903	71	17	0.26498
Prdm14	17	0.21084	0.51195	0.999816	223	4	0.024569	0.073638	0.26495	0.897483	128	6	0.024569
Cdh1	35	0.21437	0.59552	0.999816	224	13	-0.10126	0.74813	0.96169	0.999955	403	8	-0.10126
Akt3	16	0.21445	0.51259	0.999816	225	6	-0.10037	0.15794	0.43478	0.982557	203	5	-0.10037
Rxra	21	0.21594	0.54844	0.999816	226	6	-0.010325	0.014302	0.083762	0.766376	42	9	-0.010325
Carm1	18	0.21602	0.5324	0.999816	227	3	0.34685	0.025292	0.12198	0.766376	68	9	0.34685
Il10	3	0.21659	0.33171	0.944891	228	2	-0.38312	0.26352	0.3916	0.936939	251	1	-0.38312
Akt2	16	0.22031	0.52083	0.999816	229	5	0.0044642	0.22482	0.52991	0.999955	236	6	0.0044642
Ncoa3	18	0.22785	0.54694	0.999816	230	6	0.096885	0.56455	0.84679	0.999955	359	6	0.096885
Pik3r3	8	0.22807	0.45498	0.999816	231	3	-0.3565	0.068258	0.20122	0.835693	123	1	-0.3565
Raf1	13	0.2315	0.51674	0.999816	232	2	0.19699	0.086338	0.27591	0.902793	144	5	0.19699
Mitf	37	0.23193	0.62773	0.999816	233	14	-0.036272	0.17846	0.55309	0.999955	215	12	-0.036272
Fgfr4	35	0.23203	0.62149	0.999816	234	11	0.10389	0.049056	0.24216	0.86926	103	16	0.10389
H2-K1	2	0.23733	0.27845	0.864099	235	1	-0.31051	0.54968	0.54862	0.999955	353	1	-0.31051
Rnf43	47	0.24662	0.66602	0.999816	236	13	0.12493	0.015016	0.10841	0.766376	46	20	0.12493
Rbm10	91	0.24848	0.72382	0.999816	237	22	0.056371	0.24583	0.72492	0.999955	246	34	0.056371
Vegfa	5	0.2486	0.41977	0.994638	238	2	-0.28515	0.92042	0.92078	0.999955	451	0	-0.28515
Lmo1	8	0.24888	0.48413	0.999816	239	2	0.02249	0.94674	0.9492	0.999955	460	1	0.02249
Ikbke	11	0.25366	0.52342	0.999816	240	4	-0.078446	0.096559	0.28236	0.906491	154	4	-0.078446
Tek	34	0.25568	0.6443	0.999816	241	7	-0.042249	0.016556	0.10759	0.766376	49	11	-0.042249
Notch3	114	0.25606	0.73081	0.999816	242	30	0.063955	0.023122	0.17484	0.832654	65	49	0.063955
Gnaq	4	0.26081	0.39379	0.984691	243	1	-0.15358	0.92751	0.92706	0.999955	452	0	-0.15358
Nfe2l2	14	0.26511	0.56348	0.999816	244	4	-0.21475	0.12575	0.36085	0.91351	180	4	-0.21475
Ccnd3	8	0.27461	0.50951	0.999816	245	3	0.18189	0.15214	0.35091	0.91351	199	4	0.18189
Nf2	31	0.27646	0.66336	0.999816	246	9	0.17365	0.36564	0.75965	0.999955	295	12	0.17365
Ezh1	23	0.28016	0.63584	0.999816	247	6	0.26908	0.0043522	0.030872	0.549973	25	11	0.26908
Gna11	21	0.28203	0.63073	0.999816	248	8	0.067505	0.15263	0.454	0.987624	200	9	0.067505
Msh2	14	0.28771	0.59186	0.999816	249	6	-0.094938	0.92954	0.97644	0.999955	454	2	-0.094938
Foxo1	16	0.28919	0.60445	0.999816	250	3	0.15718	0.099898	0.32079	0.91351	161	8	0.15718
Tsc2	57	0.29713	0.74126	0.999816	251	18	0.012931	0.11287	0.45775	0.987624	167	21	0.012931
Eif4e	3	0.29915	0.406	0.985705	252	1	0.25326	0.18296	0.28973	0.91351	216	1	0.25326
Pak7	21	0.30507	0.65568	0.999816	253	4	-0.066481	0.73289	0.93457	0.999955	396	6	-0.066481
Pparg	20	0.30564	0.65141	0.999816	254	7	-0.15788	0.16583	0.4682	0.987624	207	6	-0.15788
Sf3b1	35	0.30749	0.71064	0.999816	255	11	0.01632	0.77936	0.96898	0.999955	412	9	0.01632
Eif4a2	2	0.30916	0.33428	0.945704	256	1	-0.46592	0.81847	0.8176	0.999955	426	0	-0.46592
Arid1b	74	0.31209	0.77506	0.999816	257	25	0.0042392	0.21871	0.6718	0.999955	232	20	0.0042392
Ctr9	1	0.31248	0.31281	0.91745	258	1	-0.40346	0.68752	0.68882	0.999955	386	0	-0.40346
Mycs	7	0.3136	0.52587	0.999816	259	3	0.19609	0.036681	0.12105	0.766376	86	3	0.19609
Btk	25	0.31601	0.68571	0.999816	260	9	-0.068717	0.2309	0.59071	0.999955	238	8	-0.068717
Stag2	44	0.31638	0.73849	0.999816	261	15	-0.16763	0.96006	0.99801	0.999955	464	9	-0.16763
Fh1	18	0.32312	0.65636	0.999816	262	6	0.012662	0.18854	0.49126	0.99004	221	7	0.012662
Rab35	10	0.3278	0.58777	0.999816	263	3	0.41181	0.058378	0.19329	0.835693	113	5	0.41181
Esr1	39	0.33574	0.74717	0.999816	264	14	-0.12428	0.13227	0.46852	0.987624	187	16	-0.12428
Irs2	55	0.3368	0.77928	0.999816	265	16	0.08972	0.097857	0.42037	0.96285	157	21	0.08972
Pax5	38	0.33905	0.74587	0.999816	266	8	0.20538	0.059862	0.28269	0.906491	116	18	0.20538
Pold1	60	0.34036	0.78757	0.999816	267	20	0.10156	0.0016649	0.019104	0.535215	15	26	0.10156
Nup93	24	0.34118	0.70549	0.999816	268	8	0.049068	0.15577	0.47082	0.987624	202	10	0.049068
Tert	14	0.34372	0.64686	0.999816	269	5	0.13358	0.27375	0.57713	0.999955	256	5	0.13358
Vav2	1	0.34556	0.34626	0.959549	270	0	-0.26138	0.65444	0.65728	0.999955	377	0	-0.26138
Rictor	31	0.34567	0.73543	0.999816	271	7	0.11454	0.058008	0.26273	0.896247	111	11	0.11454
Myod1	36	0.34627	0.74745	0.999816	272	12	0.001437	0.0027895	0.026505	0.535215	19	15	0.001437
Idh1	11	0.34725	0.62073	0.999816	273	4	-0.11162	0.4573	0.71923	0.999955	317	4	-0.11162
Suz12	6	0.35249	0.54989	0.999816	274	2	-0.081646	0.51948	0.67667	0.999955	346	1	-0.081646
Jak3	24	0.35353	0.71767	0.999816	275	4	-0.1019	0.18694	0.52277	0.999955	219	8	-0.1019
Gps2	16	0.35463	0.66928	0.999816	276	3	-0.086185	0.5051	0.79919	0.999955	341	4	-0.086185
Mpeg1	3	0.35667	0.43882	0.999816	277	1	0.41688	0.16824	0.27051	0.902793	208	2	0.41688
Med12	69	0.35966	0.81156	0.999816	278	23	0.027026	0.6956	0.96917	0.999955	390	22	0.027026
Ccne1	1	0.36096	0.36112	0.979067	279	0	-0.36726	0.63904	0.64165	0.999955	375	0	-0.36726
Birc3	2	0.36594	0.38073	0.980749	280	1	-0.44395	0.82668	0.82614	0.999955	429	0	-0.44395
Lats1	28	0.37057	0.74596	0.999816	281	9	0.083379	0.018398	0.10955	0.766376	52	12	0.083379
Flt1	16	0.37658	0.69029	0.999816	282	4	0.27103	0.49026	0.79008	0.999955	331	6	0.27103
Tmprss2	7	0.38866	0.60436	0.999816	283	3	-0.20384	0.76954	0.8619	0.999955	410	1	-0.20384
Ercc5	8	0.39227	0.61422	0.999816	284	3	-0.40426	0.47696	0.692	0.999955	324	3	-0.40426
Bard1	4	0.39236	0.5336	0.999816	285	1	0.050036	0.75815	0.76374	0.999955	405	1	0.050036
Stk40	17	0.39332	0.71228	0.999816	286	4	0.23076	0.089657	0.30589	0.91351	147	9	0.23076
Mgam	2	0.39342	0.40365	0.985705	287	1	-0.044002	0.30627	0.33656	0.91351	266	1	-0.044002
Cxcr4	5	0.39485	0.55118	0.999816	288	1	-0.034142	0.062217	0.16143	0.808837	118	2	-0.034142
Cbl	31	0.39489	0.7779	0.999816	289	8	-7.6387e-05	0.35519	0.75005	0.999955	290	12	-7.6387e-05
Mga	46	0.39501	0.81133	0.999816	290	12	-0.0082586	0.036865	0.20859	0.835693	88	15	-0.0082586
Mapk3	7	0.40226	0.61782	0.999816	291	2	0.25509	0.24159	0.45664	0.987624	244	3	0.25509
Ddx3x	1	0.40371	0.40371	0.985705	292	0	-0.219	0.59629	0.59755	0.999955	368	0	-0.219
Rybp	1	0.40552	0.40542	0.985705	293	0	-0.20242	0.59448	0.59562	0.999955	367	0	-0.20242
Tbx3	58	0.4068	0.83541	0.999816	294	20	-0.077997	0.14285	0.52415	0.999955	193	22	-0.077997
Gata3	48	0.40945	0.82385	0.999816	295	9	0.14927	0.014589	0.10657	0.766376	44	18	0.14927
Aurka	6	0.4109	0.59132	0.999816	296	2	0.4732	0.046101	0.1338	0.766376	100	4	0.4732
Rad52	2	0.42832	0.43448	0.999816	297	1	0.0093257	0.35931	0.37902	0.928363	292	1	0.0093257
Brd4	70	0.42912	0.86154	0.999816	298	20	0.13626	0.031256	0.20497	0.835693	79	30	0.13626
Insr	59	0.43326	0.8554	0.999816	299	14	0.19335	0.00078101	0.0093655	0.409526	9	29	0.19335
Foxl2	14	0.43672	0.72587	0.999816	300	3	-0.020878	0.20484	0.49124	0.99004	228	5	-0.020878
Arid1a	228	0.43824	0.88213	0.999816	301	74	-0.027842	0.16562	0.60494	0.999955	206	75	-0.027842
Alox12b	14	0.43901	0.72784	0.999816	302	5	0.011704	0.1107	0.33029	0.91351	166	6	0.011704
Ephb1	80	0.43904	0.87553	0.999816	303	24	-0.0036895	0.020203	0.15212	0.795325	60	31	-0.0036895
Mdc1	8	0.44137	0.65893	0.999816	304	3	0.16824	0.093224	0.25788	0.886005	151	3	0.16824
Dnmt3b	1	0.44343	0.44354	0.999816	305	0	-0.15666	0.55657	0.55713	0.999955	354	0	-0.15666
Stat3	28	0.45319	0.8135	0.999816	306	10	0.088302	0.069776	0.2929	0.91351	126	10	0.088302
Brip1	10	0.45329	0.70578	0.999816	307	3	0.088241	0.48557	0.73707	0.999955	329	3	0.088241
Tsc1	44	0.45518	0.84826	0.999816	308	14	-0.14491	0.21341	0.62157	0.999955	231	11	-0.14491
Map3k13	33	0.45546	0.82524	0.999816	309	8	0.068485	0.49427	0.85525	0.999955	334	11	0.068485
Sh2b3	15	0.45654	0.75153	0.999816	310	4	0.0035159	0.33582	0.65359	0.999955	280	6	0.0035159
Zfhx3	162	0.46076	0.89359	0.999816	311	52	0.0088911	0.038838	0.25255	0.880261	90	62	0.0088911
Tmem127	15	0.46413	0.75703	0.999816	312	5	0.0011172	0.55688	0.82329	0.999955	355	4	0.0011172
Notch4	10	0.47085	0.71699	0.999816	313	2	0.63389	0.0036703	0.020507	0.535215	22	6	0.63389
Cd79b	3	0.47134	0.51195	0.999816	314	1	0.21751	0.72077	0.72213	0.999955	394	0	0.21751
Fyn	27	0.47293	0.82246	0.999816	315	7	0.28767	0.00090075	0.0088681	0.409526	11	13	0.28767
Stat6	2	0.4756	0.47708	0.999816	316	1	-0.24185	0.78206	0.78106	0.999955	414	0	-0.24185
Chek2	14	0.47668	0.75777	0.999816	317	4	0.30575	0.092182	0.2936	0.91351	150	7	0.30575
Pdpk1	2	0.47801	0.47932	0.999816	318	1	-0.22764	0.4594	0.4641	0.987624	318	1	-0.22764
Foxf1	2	0.47812	0.47944	0.999816	319	1	0.34154	0.11413	0.19151	0.835693	171	1	0.34154
Sox2	18	0.4786	0.78627	0.999816	320	6	0.10294	0.037941	0.16659	0.826099	89	7	0.10294
Trp63	81	0.47888	0.89725	0.999816	321	23	0.33778	0.00084959	0.010997	0.440789	10	41	0.33778
Calr	4	0.48028	0.582	0.999816	322	1	-0.040888	0.59751	0.65576	0.999955	369	1	-0.040888
Dnmt3c	16	0.48212	0.77617	0.999816	323	5	0.15615	0.24531	0.55698	0.999955	245	6	0.15615
Bcl6	42	0.4915	0.86551	0.999816	324	11	-0.01438	0.25499	0.66946	0.999955	250	15	-0.01438
Tcf7l2	41	0.4934	0.86758	0.999816	325	10	0.19146	0.17653	0.55235	0.999955	213	17	0.19146
Gata2	36	0.49484	0.85753	0.999816	326	11	0.093606	0.011518	0.083175	0.766376	37	15	0.093606
Erbb2	44	0.49738	0.8738	0.999816	327	10	0.28774	0.0028399	0.026753	0.535215	20	22	0.28774
Ppm1d	5	0.50356	0.65022	0.999816	328	1	0.63693	0.020134	0.063121	0.709191	59	4	0.63693
Notch1	138	0.5061	0.91499	0.999816	329	33	0.32249	1.472e-05	0.00036308	0.04366	3	71	0.32249
Tap1	6	0.50663	0.66139	0.999816	330	2	-0.2364	0.021159	0.075038	0.766376	62	2	-0.2364
Sh2d1a	1	0.50884	0.50883	0.999816	331	0	-0.0021386	0.49116	0.49106	0.99004	332	0	-0.0021386
Map3k1	29	0.51133	0.85126	0.999816	332	8	0.036891	0.09699	0.36514	0.91476	155	12	0.036891
Smad4	55	0.52192	0.90016	0.999816	333	15	0.13407	0.0025509	0.026385	0.535215	17	23	0.13407
Nthl1	2	0.52346	0.52212	0.999816	334	1	0.14619	0.32464	0.35125	0.91351	277	1	0.14619
Recql4	12	0.52909	0.77477	0.999816	335	2	0.62862	0.0043638	0.025808	0.535215	26	8	0.62862
Max	15	0.53474	0.80573	0.999816	336	4	0.14207	0.22029	0.52549	0.999955	233	7	0.14207
Cdkn2c	3	0.537	0.55857	0.999816	337	1	1.0133	0.032406	0.079236	0.766376	81	2	1.0133
Ntrk1	38	0.53792	0.88485	0.999816	338	10	0.19375	0.27233	0.68014	0.999955	255	15	0.19375
Yap1	9	0.54027	0.74725	0.999816	339	3	-0.042563	0.08359	0.2391	0.86926	139	4	-0.042563
Arid2	73	0.54128	0.92145	0.999816	340	24	0.10743	0.098395	0.4393	0.987401	159	29	0.10743
Parp1	21	0.5418	0.84351	0.999816	341	5	0.17328	0.16539	0.47428	0.987624	205	8	0.17328
Socs1	30	0.54337	0.87178	0.999816	342	9	-0.12608	0.042196	0.2081	0.835693	94	12	-0.12608
Erbb3	51	0.54488	0.90766	0.999816	343	16	0.061702	0.43155	0.848	0.999955	312	16	0.061702
Sesn2	14	0.5457	0.80493	0.999816	344	4	-0.14431	0.27626	0.58027	0.999955	257	4	-0.14431
Mycl	4	0.54906	0.61752	0.999816	345	1	0.023645	0.22302	0.35908	0.91351	235	1	0.023645
Fgf15	1	0.55158	0.55192	0.999816	346	0	0.067574	0.44842	0.4484	0.987624	315	0	0.067574
Tnfaip3	13	0.55494	0.79945	0.999816	347	4	0.16819	0.53795	0.79635	0.999955	349	3	0.16819
Dnmt3a	107	0.55746	0.93527	0.999816	348	29	0.049162	0.23848	0.71362	0.999955	242	35	0.049162
Pik3cd	43	0.56494	0.90598	0.999816	349	12	0.056037	0.17388	0.555	0.999955	210	16	0.056037
Dusp4	7	0.5668	0.72528	0.999816	350	1	0.22272	0.14381	0.32671	0.91351	194	3	0.22272
Rit1	10	0.56751	0.77782	0.999816	351	3	-0.046901	0.5139	0.75316	0.999955	345	3	-0.046901
Myc	11	0.57617	0.79852	0.999816	352	2	0.47917	0.084649	0.25703	0.886005	141	6	0.47917
Dot1l	45	0.57907	0.91304	0.999816	353	12	0.23842	0.03066	0.18211	0.835693	78	20	0.23842
Epas1	5	0.58178	0.69665	0.999816	354	1	0.16146	0.31905	0.49193	0.99004	272	1	0.16146
Bcl2	25	0.58803	0.88059	0.999816	355	6	0.35194	0.026167	0.14035	0.784447	69	12	0.35194
Smarca2	12	0.58901	0.819	0.999816	356	4	0.19608	0.20608	0.47913	0.99004	229	5	0.19608
Pmaip1	2	0.59105	0.58964	0.999816	357	0	0.45171	0.18624	0.24704	0.873716	218	1	0.45171
Etnk1	1	0.59561	0.59687	0.999816	358	0	0.23827	0.40439	0.40429	0.943989	305	0	0.23827
Spen	71	0.6032	0.942	0.999816	359	14	0.21489	0.0024754	0.027818	0.535215	16	33	0.21489
Mtor	108	0.60372	0.94996	0.999816	360	29	0.072047	0.10685	0.48127	0.99004	163	42	0.072047
Ercc2	50	0.60412	0.9277	0.999816	361	16	-0.045509	0.30281	0.74074	0.999955	264	19	-0.045509
Rac2	11	0.60723	0.81546	0.999816	362	3	0.23212	0.29428	0.57726	0.999955	261	5	0.23212
Rad21	17	0.60726	0.85856	0.999816	363	4	0.1266	0.30028	0.62839	0.999955	263	6	0.1266
Flt3	20	0.61057	0.87398	0.999816	364	2	0.3063	0.061173	0.24472	0.87193	117	10	0.3063
Smc1a	6	0.61317	0.74535	0.999816	365	1	-0.061348	0.58264	0.72382	0.999955	365	1	-0.061348
Ezh2	20	0.6276	0.8827	0.999816	366	6	0.19775	0.046017	0.20109	0.835693	99	9	0.19775
Flcn	17	0.62763	0.86912	0.999816	367	4	0.1386	0.20137	0.50893	0.999955	225	7	0.1386
Vtcn1	1	0.63179	0.63424	0.999816	368	0	0.24898	0.36821	0.36858	0.915639	297	0	0.24898
Traf7	33	0.63349	0.91863	0.999816	369	7	0.30317	0.0025812	0.023182	0.535215	18	17	0.30317
Map2k2	17	0.63666	0.87387	0.999816	370	5	0.52582	0.016096	0.083503	0.766376	47	9	0.52582
Sox9	47	0.64053	0.93958	0.999816	371	12	0.19019	0.0015981	0.017164	0.535215	14	20	0.19019
Dnajb1	1	0.65052	0.65338	0.999816	372	0	0.27521	0.34948	0.34997	0.91351	286	0	0.27521
Gab2	3	0.65524	0.65638	0.999816	373	1	-0.32951	0.92823	0.92779	0.999955	453	0	-0.32951
Ccnd1	10	0.65574	0.83376	0.999816	374	3	0.57858	0.0032291	0.018109	0.535215	21	7	0.57858
Klf4	12	0.6617	0.85433	0.999816	375	2	0.049555	0.094846	0.28883	0.91351	152	5	0.049555
Idh2	26	0.6678	0.91982	0.999816	376	3	0.19251	0.023281	0.12828	0.766376	66	9	0.19251
Ncor1	36	0.66961	0.93697	0.999816	377	11	-0.10843	0.2378	0.63668	0.999955	239	12	-0.10843
Runx1t1	3	0.66985	0.67043	0.999816	378	1	-0.32393	0.25425	0.38022	0.928363	249	1	-0.32393
Traf2	10	0.67252	0.84463	0.999816	379	3	0.34723	0.039317	0.14375	0.784447	91	5	0.34723
Prdm1	28	0.67268	0.92465	0.999816	380	6	0.11393	0.17501	0.5177	0.999955	211	10	0.11393
Tet3	1	0.6771	0.67882	0.999816	381	0	0.31488	0.3229	0.32307	0.91351	273	1	0.31488
Map2k1	9	0.67874	0.83053	0.999816	382	1	0.12617	0.22649	0.46412	0.987624	237	4	0.12617
Actg1	8	0.67972	0.81258	0.999816	383	2	-0.18035	0.63127	0.79501	0.999955	374	2	-0.18035
Keap1	75	0.6804	0.96629	0.999816	384	20	0.13566	0.020939	0.15648	0.796903	61	31	0.13566
Fat1	108	0.68141	0.96944	0.999816	385	22	0.017359	0.018964	0.15114	0.795325	56	42	0.017359
Ret	24	0.68617	0.92112	0.999816	386	5	0.12852	0.12875	0.41753	0.96091	184	9	0.12852
Alk	70	0.68714	0.96491	0.999816	387	21	-0.011466	0.024698	0.17324	0.832654	67	29	-0.011466
Pgbd5	2	0.68981	0.6878	0.999816	388	0	0.09192	0.495	0.49632	0.994707	335	1	0.09192
Inhba	43	0.69459	0.95323	0.999816	389	11	-0.089294	0.23913	0.65298	0.999955	243	15	-0.089294
Ptprt	222	0.69591	0.97242	0.999816	390	67	-0.028941	0.72622	0.97912	0.999955	395	67	-0.028941
Axl	45	0.69785	0.95398	0.999816	391	11	0.12179	0.027782	0.16876	0.828313	72	21	0.12179
Tdpoz8	3	0.70177	0.70275	0.999816	392	0	0.21354	0.74254	0.74337	0.999955	400	0	0.21354
Pik3r2	46	0.70471	0.95799	0.999816	393	8	0.18172	0.0059027	0.050936	0.688131	30	21	0.18172
Ddr2	37	0.70541	0.95043	0.999816	394	11	0.044605	0.12337	0.44688	0.987624	178	15	0.044605
Araf	37	0.71894	0.95461	0.999816	395	5	0.05688	0.013302	0.092804	0.766376	39	12	0.05688
Arhgap35	7	0.72287	0.8324	0.999816	396	2	-0.24071	0.12509	0.29511	0.91351	179	2	-0.24071
Card11	112	0.72879	0.97877	0.999816	397	27	0.13816	0.03568	0.23866	0.86926	84	43	0.13816
Kmt2d	264	0.72999	0.97901	0.999816	398	83	0.010525	0.036349	0.24148	0.86926	85	94	0.010525
Stat5a	15	0.73119	0.90726	0.999816	399	4	0.22921	0.030056	0.13384	0.766376	77	7	0.22921
Gnas	30	0.73689	0.94929	0.999816	400	5	0.47088	0.0006207	0.0060032	0.360945	8	16	0.47088
Fbxw7	60	0.73877	0.97357	0.999816	401	13	0.014446	0.0053698	0.050319	0.688131	28	20	0.014446
Inppl1	38	0.74136	0.96054	0.999816	402	11	0.22923	0.01633	0.11046	0.766376	48	16	0.22923
Fgfr2	54	0.7473	0.97203	0.999816	403	13	-0.075233	0.091467	0.39889	0.940531	149	19	-0.075233
Palb2	3	0.75115	0.75179	0.999816	404	0	-0.21964	0.2125	0.3271	0.91351	230	1	-0.21964
Egfr	61	0.75209	0.97583	0.999816	405	14	0.23537	0.0049832	0.046787	0.688131	27	31	0.23537
Pms2	9	0.7571	0.86811	0.999816	406	2	0.076429	0.012432	0.055263	0.695275	38	4	0.076429
Brca1	4	0.76002	0.76238	0.999816	407	1	0.64077	0.062761	0.14515	0.784447	119	3	0.64077
Rad51d	2	0.76113	0.76014	0.999816	408	0	0.2441	0.46869	0.47261	0.987624	321	1	0.2441
Tnfrsf10b	1	0.76169	0.76356	0.999816	409	0	0.42506	0.23831	0.23821	0.86926	240	1	0.42506
Cic	67	0.76302	0.97926	0.999816	410	16	0.23472	0.055119	0.30463	0.91351	107	29	0.23472
Smarca4	188	0.76383	0.98466	0.999816	411	57	0.048203	0.11444	0.49992	0.997766	172	68	0.048203
Bcr	4	0.76679	0.7687	0.999816	412	1	-0.037084	0.90814	0.90803	0.999955	448	0	-0.037084
Axin2	23	0.7775	0.94959	0.999816	413	4	0.029898	0.018512	0.10389	0.766376	54	11	0.029898
Dtx1	3	0.78515	0.78621	0.999816	414	0	0.057697	0.11482	0.20147	0.835693	174	1	0.057697
Cdk4	8	0.79119	0.88122	0.999816	415	2	-0.29667	0.50314	0.71392	0.999955	340	2	-0.29667
Ikzf3	2	0.7934	0.79251	0.999816	416	0	0.35154	0.41349	0.42431	0.967267	307	1	0.35154
Rras	9	0.80819	0.89557	0.999816	417	1	0.54863	0.058438	0.18677	0.835693	114	5	0.54863
Sdhaf2	4	0.80821	0.80969	0.999816	418	0	-0.15845	0.54036	0.62521	0.999955	351	1	-0.15845
Setbp1	2	0.81491	0.81366	0.999816	419	0	0.44973	0.3229	0.34987	0.91351	274	1	0.44973
Men1	39	0.82379	0.98056	0.999816	420	10	0.17289	0.046779	0.24129	0.86926	101	14	0.17289
B2m	3	0.82647	0.82729	0.999816	421	0	-0.083487	0.82534	0.82609	0.999955	428	0	-0.083487
Aurkb	10	0.82728	0.9124	0.999816	422	1	0.39743	0.077171	0.23917	0.86926	133	6	0.39743
Stat5b	17	0.83152	0.95254	0.999816	423	4	0.22462	0.35224	0.68492	0.999955	288	7	0.22462
Dnmt1	16	0.84102	0.95376	0.999816	424	2	0.81315	1.0352e-05	0.00015418	0.037081	2	11	0.81315
Ptpn11	37	0.84135	0.98266	0.999816	425	8	0.069066	0.074664	0.32575	0.91351	131	17	0.069066
Tcf3	13	0.84701	0.94314	0.999816	426	2	0.12379	0.04472	0.17387	0.832654	97	4	0.12379
Srsf2	14	0.85227	0.94852	0.999816	427	3	-0.057519	0.26565	0.56721	0.999955	253	5	-0.057519
Ncstn	1	0.85284	0.85353	0.999816	428	0	0.9107	0.14716	0.14742	0.787852	195	1	0.9107
Knstrn	2	0.85988	0.85894	0.999816	429	0	0.49448	0.3163	0.34435	0.91351	271	1	0.49448
Sdha	31	0.86541	0.98265	0.999816	430	5	0.12348	0.062855	0.27839	0.904775	120	12	0.12348
Tet1	10	0.86582	0.93128	0.999816	431	2	0.14511	0.37032	0.63511	0.999955	299	4	0.14511
Mpl	17	0.86709	0.96523	0.999816	432	3	0.15117	0.34005	0.67238	0.999955	282	7	0.15117
Pdcd1lg2	1	0.86953	0.87038	0.999816	433	0	0.94612	0.13047	0.13098	0.766376	185	1	0.94612
Runx1	57	0.8707	0.99194	0.999816	434	12	0.3195	0.0015113	0.016906	0.535215	13	29	0.3195
Mdm4	2	0.8767	0.87623	0.999816	435	0	0.4582	0.32761	0.35359	0.91351	278	1	0.4582
Igf2	6	0.87685	0.88015	0.999816	436	1	0.13863	0.42738	0.6122	0.999955	311	2	0.13863
Sesn3	6	0.88107	0.88351	0.999816	437	1	-0.057668	0.16146	0.33329	0.91351	204	2	-0.057668
Park2	1	0.88184	0.88276	0.999816	438	0	0.84725	0.11816	0.11878	0.766376	176	1	0.84725
Rheb	2	0.88339	0.88284	0.999816	439	0	0.39697	0.11661	0.19543	0.835693	175	2	0.39697
Ltb	1	0.88524	0.88607	0.999816	440	0	0.89825	0.11476	0.11537	0.766376	173	1	0.89825
Setd1b	1	0.88675	0.88778	0.999816	441	0	1.3031	0.11325	0.11377	0.766376	169	1	1.3031
Hist1h2bm	1	0.8869	0.88792	0.999816	442	0	0.65135	0.1131	0.11364	0.766376	168	1	0.65135
Klf5	2	0.89035	0.88995	0.999816	443	0	0.37945	0.10965	0.18465	0.835693	165	2	0.37945
Rfwd2	1	0.89196	0.8931	0.999816	444	0	1.0552	0.10804	0.10879	0.766376	164	1	1.0552
Mdm2	6	0.89734	0.89715	0.999816	445	1	0.00068648	0.53836	0.69082	0.999955	350	1	0.00068648
Prkar1a	12	0.89773	0.95463	0.999816	446	2	0.26772	0.075864	0.24928	0.875196	132	7	0.26772
Ago2	22	0.89809	0.98208	0.999816	447	1	0.47056	0.00092187	0.0079032	0.409526	12	15	0.47056
Chek1	1	0.90065	0.90176	0.999816	448	0	1.7802	0.099351	0.099966	0.766376	160	1	1.7802
Elf3	4	0.90125	0.90115	0.999816	449	0	0.63923	0.067853	0.15444	0.796903	122	3	0.63923
Bcl2l11	2	0.90132	0.90105	0.999816	450	0	0.88651	0.058847	0.10355	0.766376	115	2	0.88651
Msi1	12	0.90208	0.95618	0.999816	451	2	0.14019	0.056119	0.19773	0.835693	110	5	0.14019
Inha	6	0.90389	0.9031	0.999816	452	1	-0.068859	0.83728	0.85877	0.999955	434	1	-0.068859
Cebpa	6	0.90415	0.90334	0.999816	453	1	0.2221	0.34525	0.55814	0.999955	284	2	0.2221
Rad50	12	0.91179	0.96035	0.999816	454	2	0.26699	0.019447	0.088447	0.766376	58	6	0.26699
Znrf3	3	0.9148	0.91484	0.999816	455	0	0.18668	0.5306	0.55992	0.999955	347	1	0.18668
Fgfr1	29	0.91661	0.98973	0.999816	456	3	0.49941	0.00044094	0.004352	0.299043	7	19	0.49941
Aplnr	2	0.92565	0.92547	0.999816	457	0	0.83129	0.074352	0.12901	0.766376	129	2	0.83129
Srcap	3	0.92658	0.92615	0.999816	458	0	0.38914	0.19625	0.30626	0.91351	223	2	0.38914
Egfl7	2	0.92781	0.92779	0.999816	459	0	0.91797	0.072185	0.12562	0.766376	127	2	0.91797
Sdhb	7	0.92894	0.92948	0.999816	460	1	0.45087	0.14958	0.33598	0.91351	197	4	0.45087
Tap2	6	0.93214	0.93109	0.999816	461	0	0.42625	0.068388	0.18146	0.835693	124	3	0.42625
Notch2	81	0.9322	0.99831	0.999816	462	21	0.049863	0.027853	0.19453	0.835693	74	33	0.049863
Cd79a	7	0.93398	0.934	0.999816	463	1	0.44604	0.0060638	0.026923	0.535215	31	4	0.44604
Gata1	16	0.93464	0.98145	0.999816	464	2	0.077713	0.079638	0.27566	0.902793	134	6	0.077713
Cd276	3	0.94341	0.94288	0.999816	465	0	0.99225	0.022909	0.057819	0.695275	63	2	0.99225
Cdc42	2	0.94482	0.94456	0.999816	466	0	0.73363	0.055185	0.09743	0.766376	108	2	0.73363
Eed	9	0.9567	0.9597	0.999816	467	1	-0.018515	0.80328	0.89655	0.999955	424	2	-0.018515
Daxx	18	0.95796	0.98947	0.999816	468	3	0.26494	0.086998	0.30159	0.91351	145	8	0.26494
Ccnd2	19	0.9648	0.99135	0.999816	469	3	0.10372	0.084614	0.30478	0.91351	140	7	0.10372
Erf	23	0.96859	0.9949	0.999816	470	3	0.14208	0.05051	0.2213	0.858447	105	9	0.14208
Cenpa	5	0.9705	0.97058	0.999816	471	0	0.3944	0.13146	0.27148	0.902793	186	3	0.3944
Mutyh	3	0.97075	0.97028	0.999816	472	0	0.95119	0.029245	0.072422	0.766376	76	3	0.95119
Ctla4	1	0.97119	0.97155	0.999816	473	0	2.0428	0.028812	0.028932	0.535241	75	1	2.0428
Nfkbia	2	0.97216	0.97175	0.999816	474	0	0.97495	0.027845	0.050836	0.688131	73	2	0.97495
Sufu	10	0.97254	0.97429	0.999816	475	1	0.10838	0.2045	0.45616	0.987624	227	3	0.10838
Nfe2	4	0.9836	0.98335	0.999816	476	0	0.60268	0.055506	0.13152	0.766376	109	3	0.60268
Sesn1	1	0.98584	0.98589	0.999816	477	0	1.6094	0.014161	0.013971	0.51693	41	1	1.6094
Igf1	10	0.9959	0.99575	0.999816	478	0	0.55944	0.017942	0.07844	0.766376	51	6	0.55944
Nkx2-1	26	0.99652	0.99935	0.999816	479	3	0.41007	0.01464	0.089531	0.766376	45	14	0.41007
Irs1	34	0.9967	0.99982	0.999816	480	2	0.41292	0.00021386	0.0025416	0.244498	5	22	0.41292
Msi2	9	0.99806	0.99788	0.999816	481	0	0.84493	0.0074108	0.035995	0.613843	33	6	0.84493
