id	num	neg|score	neg|p-value	neg|fdr	neg|rank	neg|goodsgrna	neg|lfc	pos|score	pos|p-value	pos|fdr	pos|rank	pos|goodsgrna	pos|lfc
Setdb1	6	1.4619e-07	4.9737e-06	0.002392	1	5	-3.2548	0.99727	0.99738	0.999935	481	0	-3.2548
Pik3cg	92	6.2345e-07	2.4868e-05	0.005981	2	52	-0.49695	0.20312	0.68772	0.980571	238	27	-0.49695
non_target	123	4.2489e-06	0.00010445	0.01256	3	70	-0.5781	0.98209	0.99994	0.999935	473	31	-0.5781
Smarcb1	22	9.4908e-06	9.45e-05	0.01256	4	13	-1.3306	0.81416	0.97161	0.999935	434	7	-1.3306
Upf1	33	1.3324e-05	0.00015418	0.014833	5	22	-1.0438	0.53709	0.89747	0.999935	384	7	-1.0438
Recql4	12	0.00013354	0.0010196	0.081738	6	10	-1.2238	0.97335	0.99089	0.999935	471	1	-1.2238
Vhl	20	0.000198	0.0020939	0.143882	7	9	-0.25367	0.91132	0.98795	0.999935	454	6	-0.25367
Sox9	47	0.00024253	0.0031185	0.1875	8	28	-0.6629	0.033168	0.20847	0.934784	74	15	-0.6629
Src	26	0.00048525	0.0049986	0.228811	9	17	-0.7413	0.11922	0.42682	0.968919	175	7	-0.7413
Sox17	46	0.00050983	0.0065603	0.228811	10	24	-0.60925	0.006091	0.056138	0.716344	25	18	-0.60925
Smarca4	188	0.0005362	0.0077739	0.249282	11	90	-0.31446	0.22538	0.71933	0.984393	254	65	-0.31446
Syk	28	0.00065105	0.0066598	0.228811	12	17	-0.62438	0.98552	0.99904	0.999935	474	6	-0.62438
Igf1r	38	0.0012913	0.013892	0.360358	13	21	-0.59165	0.81998	0.98491	0.999935	436	9	-0.59165
Pik3r2	46	0.0013573	0.014578	0.360358	14	24	-0.44695	0.14046	0.52341	0.973805	190	12	-0.44695
Plcg2	75	0.0013632	0.017065	0.360358	15	33	-0.017525	0.53711	0.93658	0.999935	385	27	-0.017525
Ptprs	147	0.0014362	0.018547	0.360358	16	66	-0.16038	0.63004	0.96621	0.999935	405	54	-0.16038
Myod1	36	0.0016156	0.017313	0.360358	17	15	-0.071456	0.038646	0.22152	0.934784	84	13	-0.071456
Bmpr1a	16	0.0016843	0.011942	0.359001	18	7	-0.091866	0.21149	0.54368	0.973805	242	6	-0.091866
Smo	45	0.0017273	0.018	0.360358	19	23	-0.41808	0.53496	0.91178	0.999935	382	14	-0.41808
Tsc2	57	0.0017391	0.019363	0.360358	20	26	-0.054973	0.62284	0.9533	0.999935	402	20	-0.054973
U2af1	21	0.0019498	0.016478	0.360358	21	13	-0.72919	0.24801	0.62765	0.973805	272	6	-0.72919
Rptor	38	0.0019967	0.020228	0.360358	22	20	-0.31523	0.2128	0.63142	0.973805	245	9	-0.31523
Arid1a	228	0.0021944	0.026863	0.430702	23	100	-0.10398	0.49395	0.92464	0.999935	370	85	-0.10398
Card11	112	0.0027867	0.032901	0.456938	24	45	-0.040801	0.19825	0.68079	0.980571	231	46	-0.040801
Brd4	70	0.0032773	0.035308	0.456938	25	31	-0.20079	0.42205	0.87722	0.999935	350	22	-0.20079
Max	15	0.0033277	0.022387	0.371308	26	7	-0.13584	0.040557	0.18082	0.934784	88	5	-0.13584
Grem1	8	0.0039202	0.01984	0.360358	27	5	-0.84978	0.10859	0.29929	0.968919	165	3	-0.84978
Socs1	30	0.0042232	0.034304	0.456938	28	16	-0.42103	0.23112	0.63678	0.973805	260	7	-0.42103
Nkx2-1	26	0.0049595	0.037049	0.456938	29	16	-0.54476	0.80028	0.97286	0.999935	433	5	-0.54476
Vav2	1	0.0050974	0.0048295	0.228811	30	1	-3.1461	0.9949	0.99506	0.999935	480	0	-3.1461
Kdm5a	33	0.0053249	0.043196	0.519438	31	16	-0.43911	0.58516	0.91894	0.999935	395	13	-0.43911
Kmt2c	75	0.0054439	0.054825	0.549392	32	36	-0.32679	0.0062386	0.064991	0.716344	26	27	-0.32679
Epcam	3	0.0055588	0.014827	0.360358	33	2	-3.1746	0.37089	0.51729	0.968974	325	1	-3.1746
Irf8	1	0.0059281	0.0056153	0.228811	34	1	-3.3154	0.99407	0.99413	0.999935	479	0	-3.3154
Ercc2	50	0.0060889	0.054686	0.549392	35	15	0.3461	0.066925	0.34073	0.968919	123	26	0.3461
Sf3b1	35	0.006165	0.048687	0.534417	36	18	-0.43512	0.39716	0.81925	0.999935	338	12	-0.43512
Hist1h3g	11	0.0062127	0.03317	0.456938	37	7	-0.95153	0.50736	0.79084	0.999935	376	4	-0.95153
Hist1h2bm	1	0.0064567	0.0061226	0.228811	38	1	-1.7956	0.99354	0.99359	0.999935	478	0	-1.7956
Brip1	10	0.006832	0.036472	0.456938	39	6	-0.98226	0.72351	0.89792	0.999935	425	2	-0.98226
Epha7	82	0.0069558	0.069975	0.604424	40	36	-0.10855	0.46748	0.90918	0.999935	358	32	-0.10855
Ezh2	20	0.0070953	0.047673	0.534417	41	13	-0.76547	0.28363	0.65973	0.975677	290	7	-0.76547
Piga	3	0.0080086	0.021352	0.366798	42	2	-1.5755	0.92148	0.92116	0.999935	457	0	-1.5755
Epha3	81	0.0082352	0.07843	0.628748	43	25	0.15793	0.19384	0.66604	0.975677	227	37	0.15793
Ep300	71	0.0083437	0.076839	0.626429	44	29	0.018606	0.27664	0.76319	0.995946	285	30	0.018606
Arhgap35	7	0.0084872	0.037029	0.456938	45	6	-0.55589	0.98847	0.98829	0.999935	477	0	-0.55589
Fgf3	26	0.0086315	0.05949	0.559395	46	12	-0.24046	0.13836	0.46726	0.968919	189	11	-0.24046
Negr1	26	0.0087981	0.060475	0.559395	47	9	-0.083118	0.46531	0.83926	0.999935	357	11	-0.083118
Rbm10	91	0.0089572	0.08789	0.681857	48	32	0.015553	0.028421	0.21761	0.934784	68	39	0.015553
Pik3r1	25	0.010344	0.068145	0.604424	49	10	-0.26672	0.14465	0.47918	0.968919	193	7	-0.26672
Fanca	9	0.010478	0.048886	0.534417	50	6	-0.78555	0.32791	0.62077	0.973805	310	3	-0.78555
Gna11	21	0.011301	0.071258	0.604424	51	12	-0.62533	0.21214	0.57526	0.973805	244	8	-0.62533
Lats2	21	0.012307	0.07647	0.626429	52	9	-0.060463	0.45467	0.81738	0.999935	355	8	-0.060463
Zfhx3	162	0.012547	0.11265	0.752558	53	52	0.14113	0.12363	0.54287	0.973805	181	72	0.14113
Cyld	7	0.01274	0.053253	0.549392	54	5	-0.62836	0.87233	0.9367	0.999935	447	1	-0.62836
Mst1r	13	0.013801	0.071626	0.604424	55	8	-0.70557	0.41472	0.73664	0.984393	344	3	-0.70557
Ctcf	44	0.013961	0.10255	0.736235	56	23	-0.38918	0.33626	0.78532	0.999935	316	14	-0.38918
Erbb3	51	0.013996	0.1076	0.739815	57	20	-0.12118	0.18249	0.61097	0.973805	218	18	-0.12118
Mpeg1	3	0.014105	0.036572	0.456938	58	3	-1.1313	0.98589	0.98586	0.999935	475	0	-1.1313
Wt1	39	0.015131	0.10586	0.739815	59	19	-0.36693	0.32551	0.76611	0.995946	308	14	-0.36693
Axin1	40	0.015782	0.1097	0.74321	60	21	-0.32844	0.1033	0.42876	0.968919	159	12	-0.32844
Map2k2	17	0.017191	0.091342	0.6947	61	4	0.10224	0.088659	0.32077	0.968919	141	8	0.10224
Alox12b	14	0.017257	0.086607	0.681857	62	9	-0.64837	0.19059	0.50057	0.968919	223	3	-0.64837
Ret	24	0.018488	0.10767	0.739815	63	8	0.028666	0.02127	0.12575	0.894209	61	9	0.028666
Erbb2	44	0.019751	0.13357	0.796038	64	21	-0.25205	0.19986	0.6276	0.973805	232	14	-0.25205
Klf4	12	0.020682	0.093878	0.6947	65	8	-0.66314	0.13136	0.379	0.968919	184	4	-0.66314
Fgfr1	29	0.02269	0.13163	0.796038	66	11	-0.20422	0.55498	0.89618	0.999935	386	8	-0.20422
Kit	24	0.02341	0.12981	0.796038	67	12	-0.35818	0.39656	0.78445	0.999935	337	10	-0.35818
Tsc1	44	0.024082	0.1549	0.843476	68	23	-0.37337	0.087834	0.39556	0.968919	140	18	-0.37337
Lmo1	8	0.025885	0.097728	0.71223	69	5	-0.55125	0.21615	0.47854	0.968919	247	2	-0.55125
Trp53bp1	19	0.026879	0.1342	0.796038	70	6	0.29583	0.3717	0.74206	0.985996	326	9	0.29583
Phox2b	26	0.028201	0.15205	0.843476	71	13	-0.37921	0.81703	0.97646	0.999935	435	9	-0.37921
Pdgfrb	44	0.029305	0.17906	0.926095	72	20	-0.01862	0.0074143	0.064772	0.716344	28	16	-0.01862
Inpp4b	13	0.030487	0.13159	0.796038	73	4	-0.10686	0.058985	0.22639	0.934784	115	5	-0.10686
Bcl10	1	0.031831	0.031807	0.456938	74	1	-3.3041	0.96817	0.96868	0.999935	470	0	-3.3041
Pdgfra	55	0.034042	0.21206	0.992132	75	24	-0.017806	0.68064	0.96771	0.999935	416	18	-0.017806
Pak1	17	0.034385	0.15535	0.843476	76	8	-0.34076	0.085203	0.31227	0.968919	135	6	-0.34076
Ppp2r1a	42	0.036594	0.20378	0.992132	77	17	0.0064184	0.33262	0.77748	0.999917	314	19	0.0064184
Ar	71	0.036796	0.23545	0.992132	78	34	-0.286	0.25384	0.73721	0.984393	274	26	-0.286
Rhoa	12	0.037357	0.15194	0.843476	79	7	-0.57405	0.90888	0.97451	0.999935	453	3	-0.57405
Runx1t1	3	0.038246	0.092605	0.6947	80	3	-0.56723	0.96175	0.96141	0.999935	468	0	-0.56723
Tbx3	58	0.039216	0.23683	0.992132	81	27	-0.054232	0.52774	0.92098	0.999935	378	22	-0.054232
Hist1h3a	7	0.039396	0.12977	0.796038	82	3	-0.14242	0.49563	0.72046	0.984393	371	2	-0.14242
Men1	39	0.039966	0.22007	0.992132	83	14	0.057489	0.028959	0.18226	0.934784	69	19	0.057489
Ppm1d	5	0.040094	0.11558	0.761585	84	3	-1.2246	0.42187	0.62542	0.973805	349	2	-1.2246
Slx4	6	0.041758	0.12804	0.796038	85	2	0.49419	0.035925	0.12113	0.882811	79	3	0.49419
Rps6ka4	46	0.041819	0.2339	0.992132	86	21	-0.33521	0.10936	0.45434	0.968919	166	18	-0.33521
Pak7	21	0.042071	0.19681	0.975953	87	11	-0.51137	0.9368	0.99328	0.999935	462	6	-0.51137
Kdm5c	58	0.042423	0.24966	0.992132	88	26	-0.23434	0.010454	0.092486	0.837987	35	19	-0.23434
Ros1	52	0.042585	0.24292	0.992132	89	20	0.088623	0.20124	0.6398	0.973805	235	23	0.088623
Amer1	39	0.042631	0.2303	0.992132	90	18	-0.28594	0.41312	0.83773	0.999935	341	17	-0.28594
Egfr	61	0.043597	0.25658	0.992132	91	17	0.2326	0.24579	0.71678	0.984393	270	28	0.2326
Crebbp	117	0.043922	0.27993	0.992132	92	38	0.092549	0.19379	0.67398	0.980571	226	53	0.092549
Cdkn2a	25	0.045242	0.21457	0.992132	93	8	0.022948	0.23622	0.62613	0.973805	262	9	0.022948
Rxra	21	0.045351	0.20815	0.992132	94	12	-0.56758	0.44354	0.81002	0.999935	354	8	-0.56758
Keap1	75	0.045816	0.27844	0.992132	95	35	-0.18885	0.086363	0.43273	0.968919	138	31	-0.18885
Notch1	138	0.046316	0.29029	0.992132	96	58	0.017603	0.50081	0.92741	0.999935	374	52	0.017603
Cic	67	0.047415	0.2795	0.992132	97	29	-0.041915	0.55518	0.93819	0.999935	387	26	-0.041915
Cdkn1a	1	0.047916	0.04822	0.534417	98	1	-1.8616	0.95208	0.9526	0.999935	467	0	-1.8616
Tmprss2	7	0.048409	0.15337	0.843476	99	5	-0.67962	0.98807	0.98793	0.999935	476	0	-0.67962
Plk2	13	0.048977	0.18869	0.9454	100	8	-0.5574	0.37519	0.70288	0.984393	327	4	-0.5574
Arid1b	74	0.051722	0.29856	0.993714	101	22	0.39562	0.049325	0.30148	0.968919	100	39	0.39562
Ctr9	1	0.052069	0.052278	0.549392	102	1	-2.5069	0.94793	0.94817	0.999935	465	0	-2.5069
Ntrk3	78	0.052492	0.3061	0.999726	103	25	0.082541	0.034266	0.23904	0.934784	77	37	0.082541
Bard1	4	0.054337	0.13132	0.796038	104	3	-0.86031	0.92758	0.92715	0.999935	459	0	-0.86031
Vtcn1	1	0.055845	0.056019	0.549897	105	1	-2.4833	0.94415	0.94439	0.999935	464	0	-2.4833
Smarcd1	14	0.055957	0.21099	0.992132	106	7	-0.44941	0.0067095	0.04258	0.716344	27	5	-0.44941
Mtor	108	0.056776	0.33225	0.999726	107	47	-0.076871	0.018352	0.15761	0.934784	55	46	-0.076871
Esr1	39	0.057008	0.28012	0.992132	108	17	0.07191	0.15459	0.53774	0.973805	200	17	0.07191
Errfi1	7	0.057473	0.17666	0.923627	109	4	-0.40845	0.16397	0.38124	0.968919	207	3	-0.40845
H3f3a	1	0.058413	0.058744	0.559395	110	1	-2.7414	0.94159	0.94202	0.999935	463	0	-2.7414
Phf6	6	0.058878	0.1644	0.876991	111	3	-0.72603	0.4807	0.70092	0.984393	368	2	-0.72603
Foxa1	35	0.059201	0.28198	0.992132	112	11	0.13362	0.19787	0.60409	0.973805	230	15	0.13362
Mga	46	0.059326	0.29587	0.993714	113	11	0.65714	0.003603	0.036034	0.716344	17	27	0.65714
Tshr	22	0.060826	0.25798	0.992132	114	8	-0.11246	0.69045	0.93677	0.999935	418	5	-0.11246
Gli1	17	0.06093	0.23731	0.992132	115	6	0.078256	0.33298	0.69203	0.981913	315	7	0.078256
Ctnnb1	52	0.061255	0.31295	0.999726	116	24	-0.17662	0.478	0.89261	0.999935	366	20	-0.17662
Csf1r	27	0.061643	0.27486	0.992132	117	12	-0.14923	0.20248	0.58944	0.973805	236	10	-0.14923
Ercc4	18	0.061714	0.24423	0.992132	118	9	-0.42117	0.27402	0.63626	0.973805	283	6	-0.42117
Mitf	37	0.061846	0.2929	0.992132	119	13	0.36342	0.015867	0.11447	0.848252	50	18	0.36342
Hnf1a	34	0.063323	0.28923	0.992132	120	14	-0.15037	0.40721	0.81978	0.999935	340	13	-0.15037
Fgf15	1	0.064378	0.064872	0.588742	121	1	-1.4079	0.93562	0.93593	0.999935	460	0	-1.4079
Rac1	12	0.070022	0.23703	0.992132	122	4	0.23855	0.27869	0.59525	0.973805	287	6	0.23855
Sesn2	14	0.070856	0.25018	0.992132	123	7	-0.11924	0.37997	0.72066	0.984393	328	7	-0.11924
Tnfaip3	13	0.073468	0.25238	0.992132	124	6	0.060348	0.19289	0.49238	0.968919	225	4	0.060348
Tmem127	15	0.073735	0.26397	0.992132	125	7	-0.26141	0.21727	0.54589	0.973805	249	3	-0.26141
Csde1	17	0.075457	0.274	0.992132	126	7	0.35328	0.029335	0.14508	0.934784	70	9	0.35328
Yes1	7	0.077272	0.21908	0.992132	127	3	-0.23754	0.011834	0.050896	0.716344	39	1	-0.23754
Srsf2	14	0.079089	0.27146	0.992132	128	7	-0.2425	0.086283	0.30456	0.968919	137	6	-0.2425
Ankrd11	35	0.080561	0.34472	0.999726	129	15	-0.11812	0.25237	0.67872	0.980571	273	12	-0.11812
Pik3r3	8	0.080828	0.23232	0.992132	130	4	-0.49308	0.86575	0.93588	0.999935	444	2	-0.49308
Pik3ca	64	0.081153	0.38795	0.999726	131	15	0.20412	0.24343	0.71661	0.984393	269	28	0.20412
Cdkn2b	4	0.082467	0.18259	0.934312	132	3	-0.96244	0.23937	0.41902	0.968919	265	1	-0.96244
Pim1	56	0.082555	0.38498	0.999726	133	21	0.0096676	0.18261	0.619	0.973805	219	26	0.0096676
Eif4e	3	0.083801	0.16592	0.876991	134	2	-1.7207	0.47574	0.57969	0.973805	365	1	-1.7207
Rps6kb2	8	0.083959	0.23915	0.992132	135	4	-0.30921	0.93577	0.96511	0.999935	461	1	-0.30921
Mdm4	2	0.086052	0.14778	0.843476	136	2	-0.93005	0.91395	0.91366	0.999935	455	0	-0.93005
Drosha	42	0.086367	0.36911	0.999726	137	19	-0.26461	0.66043	0.95395	0.999935	410	13	-0.26461
Mapk1	8	0.089774	0.25141	0.992132	138	5	-0.52013	0.1214	0.32269	0.968919	177	2	-0.52013
Fgfr3	43	0.090024	0.38476	0.999726	139	19	-0.27694	0.067237	0.33188	0.968919	124	15	-0.27694
Grin2a	159	0.090372	0.44294	0.999726	140	61	-0.031438	0.1347	0.56658	0.973805	188	67	-0.031438
Dicer1	28	0.091609	0.35557	0.999726	141	12	-0.30726	0.093424	0.37579	0.968919	144	10	-0.30726
Nf1	138	0.09272	0.44907	0.999726	142	57	-0.035532	0.095698	0.47191	0.968919	148	55	-0.035532
Rnf43	47	0.093086	0.3992	0.999726	143	13	0.24374	0.3382	0.79077	0.999935	317	21	0.24374
Cd79a	7	0.093882	0.24841	0.992132	144	2	0.23051	0.60108	0.79939	0.999935	397	3	0.23051
Sox2	18	0.09639	0.33057	0.999726	145	8	-0.31007	0.32452	0.69445	0.982444	307	6	-0.31007
Nf2	31	0.096621	0.37509	0.999726	146	13	0.18997	0.069535	0.31576	0.968919	126	15	0.18997
Pten	18	0.097548	0.33293	0.999726	147	9	0.22846	0.020949	0.11251	0.848252	59	9	0.22846
Mlh1	26	0.097604	0.36169	0.999726	148	13	-0.34641	0.33146	0.73358	0.984393	313	9	-0.34641
Acvr1	22	0.098038	0.35234	0.999726	149	10	-0.23111	0.89447	0.988	0.999935	450	6	-0.23111
Runx1	57	0.09808	0.42659	0.999726	150	24	-0.11876	0.25914	0.72738	0.984393	276	23	-0.11876
Cdkn1b	3	0.098206	0.18539	0.93868	151	1	1.6633	0.077753	0.17758	0.934784	130	2	1.6633
Med12	69	0.099196	0.44266	0.999726	152	31	-0.25959	0.69591	0.97523	0.999935	419	22	-0.25959
Arid2	73	0.10087	0.45213	0.999726	153	31	-0.17125	0.20002	0.66735	0.975677	233	25	-0.17125
Trp53	109	0.10102	0.47217	0.999726	154	40	0.15034	0.10651	0.50104	0.968919	163	51	0.15034
Kras	13	0.10132	0.31302	0.999726	155	7	-0.49504	0.70627	0.91199	0.999935	422	5	-0.49504
safe_target	313	0.10406	0.48036	0.999726	156	99	0.41557	0.00027271	0.0045509	0.364833	4	162	0.41557
Cdh1	35	0.10443	0.40799	0.999726	157	17	-0.29369	0.11446	0.44626	0.968919	167	13	-0.29369
Mdc1	8	0.10947	0.2917	0.992132	158	4	-0.31954	0.30664	0.57334	0.973805	300	3	-0.31954
Tcf3	13	0.11009	0.33101	0.999726	159	6	-0.19575	0.70013	0.90899	0.999935	421	3	-0.19575
Kdr	58	0.1117	0.46266	0.999726	160	17	0.37053	0.0057317	0.056407	0.716344	22	30	0.37053
Lats1	28	0.11196	0.40446	0.999726	161	11	0.11016	0.10425	0.40115	0.968919	160	13	0.11016
Pik3cd	43	0.11341	0.44351	0.999726	162	20	-0.13448	0.21165	0.64178	0.973805	243	18	-0.13448
Prkci	6	0.11415	0.27385	0.992132	163	4	-0.67772	0.77352	0.87202	0.999935	429	1	-0.67772
Araf	37	0.11578	0.438	0.999726	164	12	0.46475	0.055081	0.28373	0.968919	108	19	0.46475
Atr	40	0.11617	0.44463	0.999726	165	18	-0.099122	0.11455	0.45646	0.968919	168	18	-0.099122
Jun	4	0.11921	0.24798	0.992132	166	2	-0.18308	0.35175	0.51671	0.968974	323	2	-0.18308
Prdm14	17	0.12048	0.37843	0.999726	167	9	-0.39207	0.0032046	0.023033	0.716344	15	5	-0.39207
Fh1	18	0.12174	0.38321	0.999726	168	9	-0.30852	0.16592	0.4836	0.968919	209	5	-0.30852
Prex2	51	0.12185	0.4768	0.999726	169	18	0.36227	0.020964	0.15295	0.934784	60	25	0.36227
Foxl2	14	0.12761	0.37224	0.999726	170	5	-0.10809	0.13411	0.40145	0.968919	185	3	-0.10809
Akt1	20	0.12817	0.40705	0.999726	171	9	-0.12299	0.8853	0.98312	0.999935	448	5	-0.12299
Sdhaf2	4	0.12835	0.26356	0.992132	172	3	-0.49991	0.92131	0.92074	0.999935	456	0	-0.49991
Tdpoz8	3	0.13084	0.22706	0.992132	173	2	-0.76619	0.72373	0.73566	0.984393	426	1	-0.76619
Bcl2	25	0.13319	0.43771	0.999726	174	10	-0.050803	0.24748	0.64029	0.973805	271	8	-0.050803
Shoc2	1	0.13521	0.13571	0.796038	175	1	-1.3416	0.86479	0.866	0.999935	443	0	-1.3416
Fgfr2	54	0.13746	0.51289	0.999726	176	20	0.0053462	0.039174	0.24303	0.941133	85	23	0.0053462
Fgf4	13	0.1432	0.39567	0.999726	177	2	0.42257	0.043759	0.18371	0.934784	91	7	0.42257
Rac2	11	0.14375	0.37899	0.999726	178	5	-0.046419	0.42162	0.72372	0.984393	348	5	-0.046419
Gna13	5	0.1466	0.29956	0.993714	179	3	-0.86628	0.96303	0.96327	0.999935	469	0	-0.86628
Smyd3	13	0.14673	0.40264	0.999726	180	6	-0.13676	0.35114	0.68159	0.980571	322	5	-0.13676
Irs2	55	0.14798	0.54003	0.999726	181	22	0.169	0.00016524	0.0024719	0.273206	3	27	0.169
Map2k4	30	0.14798	0.48396	0.999726	182	12	0.23414	0.1443	0.49645	0.968919	192	14	0.23414
Dnmt3a	107	0.15358	0.5899	0.999726	183	45	-0.095426	0.10162	0.48815	0.968919	155	44	-0.095426
Sesn1	1	0.15659	0.15607	0.843476	184	1	-1.3785	0.84341	0.84437	0.999935	439	0	-1.3785
Pot1b	3	0.15734	0.2601	0.992132	185	1	-0.0028202	0.86167	0.86237	0.999935	442	0	-0.0028202
Gnaq	4	0.15796	0.30347	0.999726	186	2	-0.50603	0.6991	0.76578	0.995946	420	1	-0.50603
Smad2	18	0.16059	0.4564	0.999726	187	5	-0.1319	0.89598	0.98341	0.999935	451	3	-0.1319
Traf2	10	0.16446	0.40325	0.999726	188	5	-0.20102	0.12289	0.34918	0.968919	179	4	-0.20102
Notch2	81	0.16547	0.60026	0.999726	189	31	-0.092103	0.23865	0.72849	0.984393	264	29	-0.092103
Msh6	18	0.16672	0.46788	0.999726	190	4	0.19806	0.16966	0.49063	0.968919	213	8	0.19806
Nfe2l2	14	0.16917	0.44465	0.999726	191	7	-0.014579	0.052177	0.21101	0.934784	103	5	-0.014579
Mapkap1	8	0.16939	0.38525	0.999726	192	3	-0.06626	0.16053	0.39036	0.968919	205	2	-0.06626
Kmt2a	80	0.16976	0.60786	0.999726	193	31	0.076424	0.044759	0.28642	0.968919	94	32	0.076424
Rb1	67	0.16985	0.59681	0.999726	194	27	-0.086633	0.19453	0.65274	0.975677	228	28	-0.086633
Wwtr1	9	0.17233	0.40321	0.999726	195	4	-0.014384	0.16025	0.40132	0.968919	204	3	-0.014384
Yap1	9	0.17323	0.40467	0.999726	196	5	-0.33402	0.080873	0.2514	0.944696	133	2	-0.33402
B2m	3	0.17605	0.28366	0.992132	197	2	-1.2112	0.017007	0.043704	0.716344	52	1	-1.2112
Ercc5	8	0.18034	0.39982	0.999726	198	4	-0.36491	0.23829	0.50245	0.968919	263	3	-0.36491
Nkx3-1	11	0.18037	0.4429	0.999726	199	6	-0.29791	0.20715	0.49276	0.968919	239	4	-0.29791
Tgfbr2	28	0.1812	0.53709	0.999726	200	10	0.15389	0.53572	0.88732	0.999935	383	12	0.15389
Btg1	13	0.1848	0.46336	0.999726	201	4	-0.12397	0.24041	0.55809	0.973805	267	4	-0.12397
Rras	9	0.18812	0.42874	0.999726	202	4	-0.31847	0.88996	0.95359	0.999935	449	2	-0.31847
Plcg1	6	0.18913	0.37944	0.999726	203	3	-0.40387	0.79468	0.88539	0.999935	431	2	-0.40387
Ntrk2	45	0.19028	0.59209	0.999726	204	19	-0.21355	0.10163	0.43221	0.968919	156	13	-0.21355
Fbxw7	60	0.19243	0.62388	0.999726	205	22	-0.011777	0.11727	0.49515	0.968919	173	25	-0.011777
Prkar1a	12	0.19521	0.46599	0.999726	206	4	0.4953	0.14598	0.40554	0.968919	195	7	0.4953
Bcr	4	0.19591	0.34247	0.999726	207	2	-0.33049	0.9254	0.92511	0.999935	458	0	-0.33049
Fat1	108	0.2016	0.66995	0.999726	208	34	0.25016	0.014613	0.13321	0.902453	45	52	0.25016
Nup93	24	0.20259	0.55439	0.999726	209	8	0.079489	0.38324	0.77368	0.999917	330	8	0.079489
Igf1	10	0.20264	0.45807	0.999726	210	3	0.24414	0.27028	0.56596	0.973805	281	4	0.24414
Rara	38	0.2031	0.59919	0.999726	211	14	0.22215	0.17488	0.57026	0.973805	214	19	0.22215
Malt1	16	0.20678	0.51948	0.999726	212	5	0.10921	0.27864	0.62571	0.973805	286	8	0.10921
Pparg	20	0.20679	0.54024	0.999726	213	4	0.48743	0.019151	0.11018	0.848252	57	12	0.48743
Gata1	16	0.20768	0.52058	0.999726	214	6	0.12399	0.4725	0.80152	0.999935	362	7	0.12399
Srcap	3	0.20814	0.32322	0.999726	215	2	-0.58999	0.38558	0.53369	0.973805	333	1	-0.58999
Inpp4a	56	0.21097	0.64693	0.999726	216	23	-0.13408	0.22729	0.68597	0.980571	256	22	-0.13408
Pik3c3	19	0.21102	0.54164	0.999726	217	7	0.57693	0.056802	0.24849	0.941133	111	10	0.57693
Lztr1	6	0.21204	0.40661	0.999726	218	3	-0.56389	0.18473	0.39834	0.968919	220	2	-0.56389
Smad4	55	0.21548	0.65209	0.999726	219	20	0.041456	0.094155	0.43167	0.968919	145	23	0.041456
Cdk8	19	0.21732	0.55119	0.999726	220	7	0.079218	0.11611	0.3955	0.968919	169	8	0.079218
Msi1	12	0.2201	0.50341	0.999726	221	4	0.102	0.52966	0.81069	0.999935	379	5	0.102
Cebpa	6	0.22154	0.41758	0.999726	222	3	-0.51213	0.57801	0.76013	0.995946	392	2	-0.51213
Asxl2	28	0.22245	0.59771	0.999726	223	9	0.48039	0.033585	0.18605	0.934784	75	17	0.48039
Rab35	10	0.22425	0.48903	0.999726	224	5	-0.31733	0.76368	0.91318	0.999935	427	3	-0.31733
Ppp6c	12	0.22446	0.50971	0.999726	225	4	-0.0016417	0.66829	0.88874	0.999935	414	4	-0.0016417
Hras	15	0.22691	0.53907	0.999726	226	7	-0.31217	0.64062	0.89398	0.999935	406	5	-0.31217
Braf	30	0.22713	0.61097	0.999726	227	12	-0.026691	0.036713	0.20281	0.934784	81	13	-0.026691
Shq1	2	0.23057	0.2904	0.992132	228	1	-0.15029	0.2311	0.32268	0.968919	259	1	-0.15029
Pax5	39	0.2324	0.64453	0.999726	229	8	1.0271	5.2234e-05	0.00083061	0.199761	1	26	1.0271
Ccne1	1	0.23286	0.23283	0.992132	230	1	-1.2586	0.76714	0.76892	0.996898	428	0	-1.2586
Pgr	22	0.23426	0.59019	0.999726	231	6	0.34001	0.046498	0.22409	0.934784	95	11	0.34001
Arid5b	35	0.24015	0.645	0.999726	232	14	-0.056956	0.20302	0.61121	0.973805	237	16	-0.056956
Trp63	81	0.24331	0.7179	0.999726	233	24	0.24686	0.030506	0.21984	0.934784	71	37	0.24686
Tert	14	0.24867	0.55963	0.999726	234	6	0.24735	0.096367	0.32501	0.968919	149	7	0.24735
Ikzf1	74	0.25266	0.72222	0.999726	235	28	-0.099304	0.005593	0.058297	0.716344	20	30	-0.099304
Traf7	33	0.25284	0.65284	0.999726	236	10	0.28308	0.0011766	0.0122	0.682688	9	16	0.28308
Met	37	0.25444	0.67161	0.999726	237	11	0.11584	0.10213	0.42207	0.968919	157	16	0.11584
Axin2	23	0.25611	0.62161	0.999726	238	10	-0.0067078	0.2707	0.65928	0.975677	282	9	-0.0067078
Prdm1	28	0.25661	0.64123	0.999726	239	9	0.49657	0.015522	0.10386	0.837987	47	16	0.49657
Smarca2	12	0.25845	0.55664	0.999726	240	3	0.11901	0.34343	0.6645	0.975677	320	4	0.11901
Ptprt	222	0.26133	0.7473	0.999726	241	66	0.25109	0.052669	0.32874	0.968919	104	106	0.25109
Akt3	16	0.26148	0.58533	0.999726	242	7	-0.074683	0.1481	0.4395	0.968919	196	7	-0.074683
Mycn	3	0.26203	0.39022	0.999726	243	2	-0.44216	0.16801	0.28641	0.968919	212	1	-0.44216
Jak1	50	0.26273	0.70584	0.999726	244	16	0.27198	0.011783	0.096574	0.837987	38	24	0.27198
Notch4	10	0.2637	0.54082	0.999726	245	4	-0.31801	0.0050993	0.02922	0.716344	18	4	-0.31801
Jak2	14	0.26918	0.58234	0.999726	246	5	0.42252	0.18673	0.49383	0.968919	221	8	0.42252
Igf2	6	0.26964	0.47478	0.999726	247	3	-0.28623	0.86762	0.91103	0.999935	445	1	-0.28623
Sos1	18	0.27395	0.61702	0.999726	248	6	0.44623	0.12738	0.41077	0.968919	183	10	0.44623
Mycl	4	0.27869	0.42472	0.999726	249	1	0.19794	0.46963	0.62255	0.973805	360	1	0.19794
Foxp1	39	0.27878	0.69989	0.999726	250	15	-0.033059	0.21691	0.64009	0.973805	248	12	-0.033059
Hoxb13	10	0.27886	0.56073	0.999726	251	4	-0.1801	0.22681	0.51773	0.968974	255	3	-0.1801
Smc1a	6	0.27977	0.48678	0.999726	252	2	0.056013	0.38979	0.61706	0.973805	334	2	0.056013
Irs1	34	0.28005	0.68696	0.999726	253	9	0.2981	0.14479	0.50506	0.968919	194	17	0.2981
Smad3	53	0.28485	0.73427	0.999726	254	15	0.26047	0.21146	0.65999	0.975677	241	23	0.26047
Trip13	3	0.28545	0.41783	0.999726	255	2	-0.35894	0.41427	0.54939	0.973805	343	1	-0.35894
Dtx1	3	0.29015	0.42376	0.999726	256	1	0.61739	0.22983	0.35912	0.968919	258	2	0.61739
Pik3cb	26	0.29303	0.67456	0.999726	257	10	-0.016021	0.19011	0.56025	0.973805	222	12	-0.016021
Ncor2	5	0.2966	0.49069	0.999726	258	2	1.0487	0.097942	0.24772	0.941133	151	3	1.0487
Idh2	26	0.29668	0.67849	0.999726	259	9	0.31614	0.0015971	0.014936	0.682688	10	13	0.31614
Ncoa3	18	0.29973	0.64839	0.999726	260	5	0.43431	0.10546	0.36549	0.968919	162	10	0.43431
Cbl	31	0.30251	0.70529	0.999726	261	11	0.35865	0.10263	0.40625	0.968919	158	16	0.35865
Csf3r	3	0.30675	0.44333	0.999726	262	2	-0.2512	0.62743	0.66679	0.975677	404	1	-0.2512
H3f3b	2	0.31327	0.35045	0.999726	263	1	-0.23768	0.49743	0.51412	0.968974	373	1	-0.23768
Msh2	14	0.31412	0.63107	0.999726	264	6	0.32844	0.05951	0.23249	0.934784	116	7	0.32844
Gata2	36	0.32149	0.73862	0.999726	265	13	0.22951	0.17979	0.57662	0.973805	215	17	0.22951
Cxcr4	5	0.32519	0.51368	0.999726	266	2	0.11883	0.15957	0.33719	0.968919	203	2	0.11883
Sufu	10	0.32885	0.60889	0.999726	267	3	0.085706	0.59449	0.83221	0.999935	396	4	0.085706
Ccnd3	8	0.33146	0.58845	0.999726	268	3	0.11466	0.24132	0.50561	0.968919	268	3	0.11466
Tap1	6	0.33241	0.54681	0.999726	269	2	0.79558	0.085236	0.22884	0.934784	136	3	0.79558
Flt3	20	0.33398	0.69369	0.999726	270	5	-0.0047702	0.50895	0.84906	0.999935	377	8	-0.0047702
Stag2	44	0.33671	0.77081	0.999726	271	14	0.054484	0.19602	0.62174	0.973805	229	16	0.054484
Lyn	12	0.34237	0.63949	0.999726	272	4	0.19838	0.31851	0.63839	0.973805	305	5	0.19838
Stat5b	17	0.34417	0.68233	0.999726	273	6	0.25772	0.42627	0.77701	0.999917	351	8	0.25772
Pik3c2g	24	0.34446	0.72344	0.999726	274	9	0.12753	0.067431	0.29177	0.968919	125	10	0.12753
Mre11a	1	0.34613	0.34683	0.999726	275	1	-0.5399	0.65387	0.65671	0.975677	408	0	-0.5399
Stat6	2	0.34873	0.37821	0.999726	276	1	-0.053056	0.3901	0.43166	0.968919	335	1	-0.053056
Kmt2d	264	0.34883	0.83149	0.999726	277	88	0.17596	0.06281	0.36857	0.968919	119	122	0.17596
Eif1ad19	8	0.35178	0.60509	0.999726	278	3	0.11256	0.39589	0.66261	0.975677	336	3	0.11256
Gps2	16	0.353	0.68705	0.999726	279	5	-0.16958	0.60935	0.88207	0.999935	399	5	-0.16958
Mutyh	3	0.3531	0.46745	0.999726	280	1	1.6483	0.047857	0.11463	0.848252	97	2	1.6483
Flt4	86	0.35583	0.83377	0.999726	281	32	-0.013	0.58398	0.95489	0.999935	394	35	-0.013
Stat3	28	0.35997	0.75129	0.999726	282	5	0.45954	0.038199	0.20525	0.934784	83	16	0.45954
Tet1	10	0.3698	0.64525	0.999726	283	3	0.026864	0.19261	0.46953	0.968919	224	4	0.026864
Ubr5	1	0.37392	0.37426	0.999726	284	0	-0.29504	0.62608	0.62821	0.973805	403	0	-0.29504
Ccnd2	19	0.38172	0.73345	0.999726	285	7	0.13498	0.010707	0.068552	0.732749	36	9	0.13498
Flcn	17	0.38254	0.71823	0.999726	286	5	0.042062	0.38272	0.73881	0.984393	329	7	0.042062
Atp6v1b2	1	0.38261	0.38311	0.999726	287	0	-0.40685	0.61739	0.6192	0.973805	401	0	-0.40685
Cdk12	36	0.38719	0.79451	0.999726	288	10	0.45748	0.0074755	0.063748	0.716344	30	19	0.45748
Rad54l	17	0.3892	0.72416	0.999726	289	4	0.1901	0.41372	0.76611	0.995946	342	7	0.1901
Map2k1	9	0.3908	0.65185	0.999726	290	2	0.61177	0.26702	0.54632	0.973805	278	4	0.61177
Fubp1	11	0.39311	0.68517	0.999726	291	2	0.58217	0.056348	0.20668	0.934784	110	7	0.58217
Fyn	27	0.39747	0.78281	0.999726	292	11	0.11737	0.094322	0.37728	0.968919	146	11	0.11737
Ephb1	80	0.39825	0.85919	0.999726	293	21	0.55718	0.0017526	0.022098	0.716344	11	45	0.55718
Brca2	13	0.40199	0.70544	0.999726	294	5	0.27618	0.65851	0.88762	0.999935	409	5	0.27618
Gsk3b	12	0.403	0.69603	0.999726	295	5	0.44254	0.16726	0.44325	0.968919	210	7	0.44254
Daxx	18	0.40511	0.74515	0.999726	296	4	0.36324	0.16777	0.48693	0.968919	211	10	0.36324
Ezh1	23	0.40653	0.77039	0.999726	297	6	0.26223	0.2864	0.67728	0.980571	292	11	0.26223
Ptch1	61	0.41124	0.85191	0.999726	298	18	0.33836	0.0024416	0.027161	0.716344	13	33	0.33836
Rel	3	0.41204	0.499	0.999726	299	1	0.1609	0.6064	0.6533	0.975677	398	1	0.1609
Nuf2	3	0.41949	0.50364	0.999726	300	1	-0.24199	0.8596	0.86042	0.999935	441	0	-0.24199
Raf1	13	0.42024	0.71962	0.999726	301	5	-0.24555	0.55579	0.83515	0.999935	388	5	-0.24555
Dot1l	45	0.42034	0.83524	0.999726	302	14	0.1816	0.34022	0.79049	0.999935	319	18	0.1816
Irf1	3	0.42326	0.50574	0.999726	303	1	-0.24419	0.90756	0.90755	0.999935	452	0	-0.24419
Btk	25	0.42345	0.79282	0.999726	304	7	0.61943	0.00094354	0.009266	0.636705	7	14	0.61943
Nfe2	4	0.43029	0.57636	0.999726	305	2	-0.1363	0.47524	0.62743	0.973805	364	1	-0.1363
Insr	59	0.43226	0.86437	0.999726	306	11	0.47306	0.003052	0.033707	0.716344	14	35	0.47306
Foxf1	2	0.44191	0.45346	0.999726	307	1	0.32018	0.26748	0.34686	0.968919	279	1	0.32018
Irf4	21	0.44205	0.79031	0.999726	308	7	0.32646	0.086705	0.33601	0.968919	139	12	0.32646
Sdhb	7	0.44615	0.66427	0.999726	309	3	0.11678	0.98078	0.98106	0.999935	472	0	0.11678
Notch3	114	0.44865	0.89565	0.999726	310	38	0.27685	0.014555	0.13279	0.902453	44	54	0.27685
Rragc	7	0.45136	0.66881	0.999726	311	3	-0.38272	0.66186	0.83422	0.999935	412	2	-0.38272
Elf3	4	0.45771	0.60461	0.999726	312	1	1.4271	0.018286	0.058098	0.716344	54	3	1.4271
Tet2	19	0.4596	0.79141	0.999726	313	5	-0.016631	0.14852	0.45986	0.968919	197	7	-0.016631
Etv1	26	0.46102	0.82072	0.999726	314	8	0.25779	0.016398	0.10627	0.837987	51	12	0.25779
Mpl	17	0.46723	0.78694	0.999726	315	5	0.15856	0.05409	0.23083	0.934784	106	7	0.15856
Sh2d1a	1	0.47006	0.46981	0.999726	316	0	-0.027749	0.52994	0.52989	0.973805	380	0	-0.027749
Spen	71	0.47053	0.89463	0.999726	317	24	0.19329	0.031854	0.22095	0.934784	72	33	0.19329
Eif1ax	2	0.47371	0.48039	0.999726	318	1	0.17512	0.32039	0.38206	0.968919	306	1	0.17512
Pold1	60	0.47825	0.8904	0.999726	319	21	0.1125	0.67359	0.96805	0.999935	415	23	0.1125
Fgfr4	35	0.4827	0.86077	0.999726	320	13	-0.2368	0.36909	0.79637	0.999935	324	9	-0.2368
Babam1	10	0.49045	0.74625	0.999726	321	4	-0.062901	0.82726	0.9385	0.999935	437	3	-0.062901
Erbb4	80	0.49255	0.91107	0.999726	322	28	0.29065	0.032672	0.23019	0.934784	73	40	0.29065
Inhba	43	0.49295	0.87776	0.999726	323	8	0.32947	0.10661	0.44348	0.968919	164	22	0.32947
Setd2	45	0.49496	0.8816	0.999726	324	13	0.23843	0.27448	0.72318	0.984393	284	20	0.23843
Bcl2l11	2	0.49518	0.49918	0.999726	325	1	0.040296	0.41762	0.45206	0.968919	346	1	0.040296
Blm	13	0.50358	0.78336	0.999726	326	5	-0.0017754	0.38374	0.71032	0.984393	331	6	-0.0017754
Tnfrsf10b	1	0.50381	0.50395	0.999726	327	0	0.060787	0.49619	0.4959	0.968919	372	0	0.060787
Axl	45	0.51209	0.89047	0.999726	328	6	0.50728	0.0058674	0.054278	0.716344	23	28	0.50728
Stk11	53	0.51765	0.9027	0.999726	329	18	0.013895	0.29215	0.75848	0.995946	294	20	0.013895
Rybp	1	0.51839	0.5181	0.999726	330	0	0.12214	0.48161	0.48155	0.968919	369	0	0.12214
Ikzf3	2	0.51977	0.52179	0.999726	331	1	0.08786	0.57364	0.57933	0.973805	391	1	0.08786
Alb	1	0.51982	0.51964	0.999726	332	0	0.14085	0.48018	0.48021	0.968919	367	0	0.14085
Foxo1	16	0.52726	0.81991	0.999726	333	4	0.26527	0.09497	0.33374	0.968919	147	7	0.26527
Carm1	18	0.52875	0.83569	0.999726	334	6	-0.016887	0.11613	0.3875	0.968919	170	5	-0.016887
Idh1	11	0.5295	0.78159	0.999726	335	3	0.046741	0.12719	0.36996	0.968919	182	5	0.046741
Atrx	38	0.53032	0.89011	0.999726	336	12	0.24459	0.144	0.51422	0.968974	191	17	0.24459
Pms1	10	0.53362	0.781	0.999726	337	2	0.28499	0.5651	0.8135	0.999935	389	4	0.28499
Epha5	76	0.53633	0.92839	0.999726	338	25	0.22635	0.023944	0.18385	0.934784	63	37	0.22635
Sdha	31	0.53658	0.88053	0.999726	339	10	0.091855	0.43179	0.83452	0.999935	353	14	0.091855
Tet3	1	0.53817	0.53799	0.999726	340	0	0.17392	0.46183	0.46176	0.968919	356	0	0.17392
Cdc73	11	0.54026	0.78903	0.999726	341	4	0.24441	0.29437	0.6106	0.973805	295	5	0.24441
Cdc42	2	0.5415	0.54218	0.999726	342	1	0.11931	0.47141	0.49343	0.968919	361	1	0.11931
Cbfb	15	0.54494	0.82601	0.999726	343	3	0.59859	0.057326	0.23375	0.934784	113	9	0.59859
Knstrn	2	0.54599	0.54643	0.999726	344	1	-0.13372	0.61631	0.61684	0.973805	400	1	-0.13372
Jak3	24	0.54846	0.87026	0.999726	345	4	0.72859	0.013897	0.090904	0.837987	42	13	0.72859
Tes3-ps	6	0.54987	0.70924	0.999726	346	1	0.36837	0.34016	0.57045	0.973805	318	3	0.36837
Egfl7	2	0.55177	0.55176	0.999726	347	1	0.88817	0.12178	0.20299	0.934784	178	1	0.88817
Rad21	17	0.55953	0.84469	0.999726	348	3	0.57701	0.11807	0.38916	0.968919	174	9	0.57701
Mdm2	6	0.56152	0.71786	0.999726	349	2	0.12968	0.78456	0.87913	0.999935	430	2	0.12968
Dis3	13	0.56608	0.82602	0.999726	350	3	0.91715	0.040545	0.17284	0.934784	87	8	0.91715
Bcl6	42	0.56615	0.91115	0.999726	351	13	0.082175	0.15205	0.53563	0.973805	198	18	0.082175
Rad50	12	0.57692	0.81911	0.999726	352	2	0.6349	0.0060626	0.036373	0.716344	24	7	0.6349
Gab2	3	0.57825	0.60463	0.999726	353	1	1.4502	0.078245	0.17815	0.934784	131	2	1.4502
Rad51b	1	0.57933	0.58034	0.999726	354	0	0.32024	0.42067	0.42099	0.968919	347	1	0.32024
Rheb	2	0.58306	0.58202	0.999726	355	1	0.48854	0.22739	0.32027	0.968919	257	1	0.48854
Ptprd	142	0.58582	0.94941	0.999726	356	42	0.37706	0.0074157	0.078639	0.804795	29	72	0.37706
Tgfbr1	34	0.58588	0.90962	0.999726	357	12	0.32969	0.03976	0.22	0.934784	86	18	0.32969
Apc	119	0.58769	0.94996	0.999726	358	40	0.18717	0.22358	0.71689	0.984393	252	54	0.18717
Tap2	6	0.5887	0.73604	0.999726	359	2	0.26973	0.30646	0.53814	0.973805	299	3	0.26973
Stk40	17	0.5905	0.86249	0.999726	360	4	0.15038	0.16278	0.47145	0.968919	206	8	0.15038
Pgbd5	2	0.59237	0.59103	0.999726	361	1	-0.11947	0.71876	0.71729	0.984393	424	0	-0.11947
Map3k1	29	0.59302	0.90214	0.999726	362	8	0.29393	0.11702	0.43503	0.968919	172	13	0.29393
Cul3	24	0.59387	0.89106	0.999726	363	7	0.011473	0.015845	0.10047	0.837987	49	11	0.011473
Ntrk1	38	0.60439	0.92235	0.999726	364	12	0.038818	0.098221	0.4124	0.968919	152	17	0.038818
Bap1	56	0.60541	0.93925	0.999726	365	19	0.26397	0.02136	0.15738	0.934784	62	27	0.26397
Myd88	6	0.60777	0.74931	0.999726	366	1	-0.11839	0.94879	0.95112	0.999935	466	1	-0.11839
Cd79b	3	0.61064	0.62958	0.999726	367	1	0.49602	0.034153	0.083036	0.815106	76	2	0.49602
Spred1	13	0.61088	0.84729	0.999726	368	4	0.39476	0.22089	0.53173	0.973805	251	7	0.39476
Msi2	9	0.61354	0.80814	0.999726	369	1	0.36336	0.042791	0.16	0.934784	89	5	0.36336
Ddx3x	1	0.6146	0.61635	0.999726	370	0	0.44571	0.3854	0.38594	0.968919	332	1	0.44571
Sgk1	3	0.62295	0.63882	0.999726	371	1	-0.50927	0.66174	0.68905	0.980571	411	1	-0.50927
Ptpn11	37	0.63145	0.93341	0.999726	372	11	0.47681	0.025846	0.16575	0.934784	65	19	0.47681
H2-D1	3	0.6328	0.64631	0.999726	373	1	-0.083018	0.83828	0.8395	0.999935	438	0	-0.083018
Cux1	6	0.63337	0.76722	0.999726	374	2	-0.15497	0.68751	0.81891	0.999935	417	2	-0.15497
Ncor1	36	0.63464	0.93033	0.999726	375	11	0.2915	0.22005	0.63907	0.973805	250	18	0.2915
Crkl	3	0.64167	0.6534	0.999726	376	1	0.96909	0.13459	0.24729	0.941133	187	2	0.96909
Rasa1	31	0.64323	0.92844	0.999726	377	9	0.14909	0.27019	0.68748	0.980571	280	14	0.14909
Kmt2b	139	0.64577	0.96499	0.999726	378	33	0.2793	0.092779	0.46391	0.968919	143	65	0.2793
Pdpk1	2	0.65103	0.6502	0.999726	379	0	0.54575	0.57866	0.58372	0.973805	393	1	0.54575
Epas1	5	0.65124	0.75822	0.999726	380	1	0.13111	0.0080918	0.032036	0.716344	31	2	0.13111
Ccnd1	10	0.65568	0.8438	0.999726	381	3	0.12019	0.42748	0.72552	0.984393	352	5	0.12019
Eif4a2	2	0.65734	0.65612	0.999726	382	0	0.72928	0.34409	0.39902	0.968919	321	1	0.72928
Aurka	6	0.65803	0.78468	0.999726	383	2	-0.15539	0.043197	0.14083	0.934784	90	2	-0.15539
Aurkb	10	0.66648	0.84929	0.999726	384	3	0.305	0.15706	0.41038	0.968919	201	4	0.305
Flt1	16	0.66712	0.89298	0.999726	385	3	0.50796	0.02469	0.12642	0.894209	64	11	0.50796
Rfwd2	1	0.6698	0.67212	0.999726	386	0	0.72614	0.3302	0.33041	0.968919	311	1	0.72614
Map3k13	33	0.67237	0.94004	0.999726	387	9	0.28509	0.0097185	0.074123	0.775068	33	16	0.28509
Id3	7	0.67404	0.80919	0.999726	388	1	0.036032	0.013925	0.058108	0.716344	43	2	0.036032
Ksr2	6	0.67561	0.79755	0.999726	389	1	0.59862	0.1164	0.28442	0.968919	171	3	0.59862
Rad52	2	0.68045	0.67854	0.999726	390	0	1.3825	0.060307	0.10622	0.837987	118	1	1.3825
Dnmt3c	16	0.6823	0.89994	0.999726	391	5	0.2828	0.23479	0.57278	0.973805	261	7	0.2828
Nsd1	35	0.68419	0.94748	0.999726	392	11	0.47665	0.084457	0.36979	0.968919	134	19	0.47665
Hgf	35	0.68464	0.9476	0.999726	393	10	0.018831	0.50566	0.88601	0.999935	375	14	0.018831
Dnajb1	1	0.68581	0.68735	0.999726	394	0	0.6557	0.31419	0.31452	0.968919	303	1	0.6557
Rad51d	2	0.68758	0.68554	0.999726	395	0	0.45497	0.41554	0.45038	0.968919	345	1	0.45497
Ptp4a1	6	0.68886	0.80731	0.999726	396	2	0.64078	0.1229	0.29564	0.968919	180	4	0.64078
Erg	32	0.7111	0.95145	0.999726	397	9	0.56905	0.0085069	0.065528	0.716344	32	20	0.56905
Cdkn2c	3	0.71312	0.71611	0.999726	398	1	0.22934	0.3263	0.46774	0.968919	309	1	0.22934
Ltb	1	0.71466	0.71583	0.999726	399	0	0.78836	0.28534	0.28564	0.968919	291	1	0.78836
Akt2	16	0.71586	0.91517	0.999726	400	2	1.3259	0.00030814	0.00284	0.273206	5	9	1.3259
Nbn	2	0.71619	0.71463	0.999726	401	0	0.20648	0.64871	0.64823	0.975677	407	1	0.20648
Cdk4	8	0.71931	0.8509	0.999726	402	2	0.46646	0.027106	0.10406	0.837987	66	5	0.46646
Znrf3	3	0.71948	0.72181	0.999726	403	1	1.0972	0.098486	0.20408	0.934784	153	2	1.0972
Il10	3	0.72141	0.72359	0.999726	404	1	0.2543	0.79575	0.79696	0.999935	432	1	0.2543
Sesn3	6	0.72407	0.82937	0.999726	405	1	0.57647	0.20103	0.42329	0.968919	234	3	0.57647
Atm	69	0.72652	0.977	0.999726	406	19	0.088937	0.080469	0.40407	0.968919	132	30	0.088937
Casp8	9	0.72693	0.87442	0.999726	407	2	-0.0085343	0.31125	0.60178	0.973805	301	3	-0.0085343
Sdhc	3	0.7364	0.73735	0.999726	408	1	0.18261	0.71694	0.73065	0.984393	423	1	0.18261
Pmaip1	2	0.73851	0.73713	0.999726	409	0	0.8924	0.30247	0.36985	0.968919	298	1	0.8924
Nfkbia	2	0.73935	0.73779	0.999726	410	0	0.61762	0.31352	0.37709	0.968919	302	1	0.61762
Ddr2	37	0.74048	0.96503	0.999726	411	11	0.27347	0.47366	0.87365	0.999935	363	16	0.27347
Ncstn	1	0.74079	0.74248	0.999726	412	0	1.0195	0.25921	0.25948	0.960085	277	1	1.0195
Ylpm1	2	0.75372	0.75278	0.999726	413	0	0.62669	0.33106	0.38957	0.968919	312	1	0.62669
Mgam	2	0.76798	0.76705	0.999726	414	0	0.79207	0.31815	0.38041	0.968919	304	1	0.79207
Tek	34	0.77119	0.96957	0.999726	415	10	0.10339	0.073554	0.33405	0.968919	127	16	0.10339
Pdcd1lg2	1	0.77477	0.77662	0.999726	416	0	1.1445	0.22523	0.22494	0.934784	253	1	1.1445
Nthl1	2	0.77791	0.77703	0.999726	417	0	0.61653	0.28201	0.35671	0.968919	289	1	0.61653
Vegfa	5	0.77839	0.81314	0.999726	418	1	0.36371	0.2961	0.50863	0.968974	296	3	0.36371
Il7r	7	0.77968	0.87471	0.999726	419	1	0.82643	0.015049	0.062425	0.716344	46	6	0.82643
Ago2	22	0.78025	0.95575	0.999726	420	5	0.47326	0.037858	0.19473	0.934784	82	14	0.47326
Rad51c	1	0.78421	0.7863	0.999726	421	0	1.0558	0.21579	0.21538	0.934784	246	1	1.0558
Cd276	3	0.78771	0.78882	0.999726	422	0	-0.13238	0.46774	0.57584	0.973805	359	1	-0.13238
Ikbke	11	0.79171	0.91892	0.999726	423	3	0.39537	0.29941	0.61659	0.973805	297	6	0.39537
Etnk1	1	0.79229	0.79409	0.999726	424	0	1.3846	0.20771	0.20753	0.934784	240	1	1.3846
Brca1	4	0.79882	0.80312	0.999726	425	1	0.48149	0.28667	0.45938	0.968919	293	2	0.48149
Gnas	30	0.80185	0.9719	0.999726	426	7	0.59501	0.011296	0.08222	0.815106	37	19	0.59501
Klf5	2	0.80984	0.80881	0.999726	427	0	1.0661	0.16511	0.26733	0.968919	208	1	1.0661
Stat5a	15	0.81182	0.94591	0.999726	428	3	0.5565	0.015802	0.087562	0.837987	48	8	0.5565
Kdm6a	59	0.81285	0.98763	0.999726	429	15	0.22111	0.064514	0.3442	0.968919	121	28	0.22111
Eed	9	0.81706	0.90981	0.999726	430	1	0.62356	0.053632	0.18755	0.934784	105	6	0.62356
Pole	61	0.8319	0.98993	0.999726	431	16	0.62842	0.0011127	0.013832	0.682688	8	35	0.62842
Pms2	9	0.83704	0.91886	0.999726	432	1	1.0601	0.054983	0.19077	0.934784	107	5	1.0601
Etv6	29	0.8373	0.97795	0.999726	433	7	0.21922	0.11928	0.44017	0.968919	176	13	0.21922
Sh2b3	15	0.84252	0.95682	0.999726	434	3	0.039281	0.10153	0.34405	0.968919	154	7	0.039281
Park2	1	0.84689	0.84794	0.999726	435	0	1.2944	0.15311	0.15297	0.934784	199	1	1.2944
Actg1	8	0.84886	0.92066	0.999726	436	2	0.17148	0.66712	0.84618	0.999935	413	3	0.17148
Calr	4	0.85206	0.85323	0.999726	437	0	-0.074955	0.86894	0.87065	0.999935	446	1	-0.074955
Suz12	6	0.85801	0.88043	0.999726	438	1	-0.096892	0.57356	0.75803	0.995946	390	1	-0.096892
Msh3	3	0.85825	0.85905	0.999726	439	0	1.142	0.15804	0.27467	0.968919	202	2	1.142
Cenpa	5	0.85852	0.86358	0.999726	440	1	0.10138	0.85606	0.88017	0.999935	440	1	0.10138
Gata3	48	0.86674	0.99153	0.999726	441	11	0.46802	0.0054228	0.051662	0.716344	19	25	0.46802
Inha	6	0.87037	0.88716	0.999726	442	1	0.60533	0.17996	0.39055	0.968919	216	4	0.60533
Cdk6	4	0.87142	0.87162	0.999726	443	0	0.067467	0.40102	0.55948	0.973805	339	2	0.067467
Abl1	20	0.88071	0.97716	0.999726	444	3	0.59455	0.046551	0.21546	0.934784	96	12	0.59455
Rictor	31	0.8876	0.98841	0.999726	445	6	0.43445	0.051055	0.25733	0.959516	102	18	0.43445
Spop	9	0.88883	0.94511	0.999726	446	2	0.71926	0.013808	0.064335	0.716344	41	5	0.71926
Top1	11	0.90358	0.95982	0.999726	447	2	0.45232	0.060273	0.2166	0.934784	117	6	0.45232
Rras2	5	0.90404	0.90359	0.999726	448	0	-0.067627	0.28187	0.49137	0.968919	288	2	-0.067627
Pbrm1	34	0.90441	0.99189	0.999726	449	9	0.23642	0.044531	0.23819	0.934784	93	17	0.23642
Ctla4	1	0.90911	0.90986	0.999726	450	0	2.4974	0.090885	0.091302	0.837987	142	1	2.4974
Myc	11	0.90947	0.96181	0.999726	451	2	0.33017	0.25453	0.55881	0.973805	275	5	0.33017
Mapk3	7	0.91695	0.92892	0.999726	452	1	-0.080638	0.53344	0.7488	0.992217	381	3	-0.080638
Parp1	21	0.92027	0.98776	0.999726	453	4	0.77519	0.0034511	0.028305	0.716344	16	14	0.77519
Alk	70	0.92352	0.99788	0.999726	454	20	0.12246	0.097216	0.45474	0.968919	150	28	0.12246
Setbp1	2	0.92471	0.92458	0.999726	455	0	1.4503	0.075291	0.1305	0.902453	129	2	1.4503
Dnmt1	16	0.9249	0.98174	0.999726	456	3	0.51729	0.056904	0.23348	0.934784	112	10	0.51729
Bcor	50	0.92679	0.99679	0.999726	457	9	0.21684	0.074005	0.36247	0.968919	128	22	0.21684
Setd1b	1	0.936	0.93631	0.999726	458	0	2.6332	0.064001	0.064484	0.716344	120	1	2.6332
Asxl1	32	0.94056	0.99545	0.999726	459	7	0.36163	0.13449	0.47939	0.968919	186	17	0.36163
Xpo1	11	0.94287	0.97528	0.999726	460	2	0.77806	0.036341	0.15075	0.934784	80	7	0.77806
Chek1	1	0.94453	0.94477	0.999726	461	0	3.2724	0.055467	0.055611	0.716344	109	1	3.2724
Erf	23	0.94733	0.99293	0.999726	462	4	0.52327	0.050043	0.23574	0.934784	101	13	0.52327
Prkd1	30	0.95493	0.99638	0.999726	463	6	0.41336	0.0056736	0.046887	0.716344	21	17	0.41336
Rad51	3	0.95621	0.95584	0.999726	464	0	1.3439	0.043792	0.10589	0.837987	92	3	1.3439
Inppl1	38	0.95935	0.99804	0.999726	465	8	0.48548	0.013188	0.098981	0.837987	40	23	0.48548
Dusp4	7	0.96662	0.96721	0.999726	466	0	0.81133	0.06672	0.20208	0.934784	122	4	0.81133
Rtel1	12	0.97076	0.9872	0.999726	467	1	0.3268	0.23974	0.54873	0.973805	266	6	0.3268
Mycs	7	0.97155	0.97195	0.999726	468	0	1.0886	0.058379	0.18319	0.934784	114	5	1.0886
Xrcc2	6	0.9721	0.97233	0.999726	469	0	1.9508	0.00039502	0.0021138	0.273206	6	5	1.9508
Dnmt3b	1	0.97285	0.97307	0.999726	470	0	2.8569	0.027148	0.027231	0.716344	67	1	2.8569
Xiap	3	0.97708	0.97684	0.999726	471	0	2.0718	0.02055	0.052517	0.716344	58	3	2.0718
Palb2	3	0.97818	0.97791	0.999726	472	0	2.9704	0.0001334	0.00038297	0.184211	2	3	2.9704
Ercc3	21	0.97984	0.99707	0.999726	473	2	0.448	0.035572	0.18136	0.934784	78	11	0.448
Birc3	2	0.98155	0.98143	0.999726	474	0	2.0084	0.018446	0.034562	0.716344	56	2	2.0084
Aplnr	2	0.98254	0.98256	0.999726	475	0	1.9874	0.017455	0.032792	0.716344	53	2	1.9874
Tcf7l2	41	0.98933	0.99973	0.999726	476	5	0.49533	0.048149	0.26238	0.963384	98	21	0.49533
H2-K1	2	0.99001	0.99023	0.999726	477	0	1.7891	0.0099894	0.019193	0.716344	34	2	1.7891
Chek2	14	0.99332	0.99613	0.999726	478	1	0.41116	0.18094	0.48431	0.968919	217	8	0.41116
E2f3	18	0.99434	0.99832	0.999726	479	2	0.7844	0.0018951	0.015612	0.682688	12	14	0.7844
Rit1	10	0.99502	0.99483	0.999726	480	0	0.65646	0.10506	0.31489	0.968919	161	6	0.65646
Nras	7	0.99675	0.99662	0.999726	481	0	0.62766	0.048637	0.15972	0.934784	99	5	0.62766
