id	num	neg|score	neg|p-value	neg|fdr	neg|rank	neg|goodsgrna	neg|lfc	pos|score	pos|p-value	pos|fdr	pos|rank	pos|goodsgrna	pos|lfc
non_target	123	7.0883e-08	4.9737e-06	0.002392	1	68	-0.48728	0.97974	0.99989	0.999886	474	22	-0.48728
Ptprs	147	7.9487e-06	0.00021387	0.03429	2	64	-0.16765	0.59225	0.95082	0.999886	380	45	-0.16765
Ctnnb1	52	4.2141e-05	0.00083061	0.09988	3	29	-0.54081	0.30823	0.75401	0.999886	283	12	-0.54081
Smarca4	188	6.4393e-05	0.0010594	0.101914	4	77	-0.25664	0.20587	0.67452	0.999886	229	57	-0.25664
Ep300	71	7.0078e-05	0.0014473	0.116029	5	33	-0.3008	0.33369	0.80191	0.999886	299	18	-0.3008
Myod1	36	0.00013126	0.001885	0.129528	6	20	-0.5039	0.092793	0.37844	0.927132	147	11	-0.5039
Hist1h2bm	1	0.00018881	0.00017408	0.03429	7	1	-2.6642	0.99981	0.99983	0.999886	481	0	-2.6642
Pik3r1	25	0.00036768	0.0037949	0.182536	8	16	-0.50192	0.83169	0.97311	0.999886	430	4	-0.50192
Hras	15	0.00051086	0.0043122	0.18856	9	11	-0.45095	0.89884	0.9718	0.999886	450	2	-0.45095
Pik3cg	92	0.0005891	0.0081021	0.291201	10	43	-0.31225	0.40211	0.86814	0.999886	322	21	-0.31225
Mpeg1	3	0.00081437	0.002263	0.136065	11	3	-0.9508	0.99919	0.99922	0.999886	480	0	-0.9508
Plcg2	75	0.0008626	0.010897	0.291201	12	38	-0.33146	0.32227	0.79738	0.999886	293	17	-0.33146
Syk	28	0.00095581	0.0092162	0.291201	13	15	-0.40709	0.86175	0.98201	0.999886	439	4	-0.40709
Setdb1	6	0.001117	0.0059336	0.237839	14	4	-0.98875	0.67635	0.79756	0.999886	398	1	-0.98875
Piga	3	0.0012456	0.0034667	0.182536	15	2	-1.1202	0.93298	0.93236	0.999886	464	0	-1.1202
Srsf2	14	0.0015	0.01041	0.291201	16	8	-0.64844	0.67469	0.88546	0.999886	397	2	-0.64844
Phox2b	26	0.0016298	0.013683	0.313397	17	12	-0.31629	0.27536	0.65363	0.999886	270	6	-0.31629
Pik3r3	8	0.0016585	0.0089974	0.291201	18	6	-1.1262	0.81033	0.89727	0.999886	426	1	-1.1262
Ikzf1	74	0.0018082	0.020964	0.429924	19	27	-0.11249	0.11283	0.48258	0.959182	163	21	-0.11249
Rac1	12	0.0019048	0.012588	0.313397	20	9	-0.51877	0.56891	0.81243	0.999886	375	2	-0.51877
Grem1	8	0.0020083	0.010788	0.291201	21	7	-0.88757	0.99838	0.99832	0.999886	479	0	-0.88757
Lats2	21	0.0025932	0.020357	0.429924	22	11	-0.42028	0.024681	0.13156	0.875625	60	6	-0.42028
Dnmt3a	107	0.0030765	0.034463	0.552552	23	36	0.050112	0.34853	0.8302	0.999886	303	39	0.050112
Arid1a	228	0.0034011	0.037676	0.562267	24	96	-0.18239	0.33303	0.81736	0.999886	298	72	-0.18239
Pik3r2	46	0.0036038	0.032603	0.552552	25	22	-0.26881	0.042856	0.23715	0.925998	91	8	-0.26881
Ctcf	44	0.003775	0.034264	0.552552	26	20	-0.21559	0.14101	0.50535	0.96775	183	13	-0.21559
Kdm5a	33	0.0038035	0.031936	0.552552	27	18	-0.46811	0.0012258	0.012061	0.527403	8	7	-0.46811
Upf1	33	0.0041556	0.034264	0.552552	28	17	-0.42565	0.54416	0.88746	0.999886	367	7	-0.42565
Nkx3-1	11	0.0048019	0.025808	0.496555	29	8	-0.53386	0.14447	0.37965	0.927132	187	1	-0.53386
Epha3	81	0.005588	0.055989	0.585448	30	25	0.030582	0.28942	0.76931	0.999886	276	31	0.030582
Amer1	39	0.0058809	0.048001	0.585448	31	21	-0.34086	0.50781	0.87989	0.999886	353	6	-0.34086
Gli1	17	0.0060614	0.03683	0.562267	32	7	-0.27519	0.57698	0.85368	0.999886	377	6	-0.27519
Ppp6c	12	0.0074338	0.038859	0.562267	33	7	-0.71505	0.79949	0.9268	0.999886	423	2	-0.71505
Raf1	13	0.00745	0.042082	0.562267	34	8	-0.62987	0.53311	0.80449	0.999886	364	3	-0.62987
Cbl	31	0.0075358	0.054467	0.585448	35	12	-0.13076	0.63852	0.925	0.999886	389	9	-0.13076
Axin1	40	0.0079057	0.060903	0.597751	36	17	-0.19612	0.63383	0.93522	0.999886	386	9	-0.19612
U2af1	21	0.0081874	0.053651	0.585448	37	7	-0.13405	0.20325	0.54277	0.981641	226	7	-0.13405
Wt1	39	0.0094475	0.071537	0.62562	38	18	-0.22066	0.64127	0.93829	0.999886	390	12	-0.22066
Vhl	20	0.0096189	0.058704	0.597751	39	10	-0.41081	0.91384	0.98445	0.999886	456	2	-0.41081
Stk40	17	0.0096593	0.055064	0.585448	40	9	-0.41438	0.71843	0.91856	0.999886	407	2	-0.41438
Cdkn2a	25	0.0097093	0.062136	0.597751	41	9	0.018646	0.27375	0.65333	0.999886	269	11	0.018646
Btg1	13	0.01026	0.054576	0.585448	42	4	0.19217	0.051714	0.19622	0.910309	98	5	0.19217
Ercc4	18	0.010786	0.06149	0.597751	43	7	-0.049165	0.44526	0.77549	0.999886	334	7	-0.049165
Hist1h3a	7	0.011278	0.045315	0.585448	44	3	-0.34803	0.28575	0.5127	0.96775	273	1	-0.34803
Hist1h3g	11	0.01198	0.055671	0.585448	45	6	-0.39339	0.7872	0.91637	0.999886	421	2	-0.39339
Cyld	7	0.012331	0.048658	0.585448	46	4	-0.70862	0.97091	0.97132	0.999886	470	0	-0.70862
Inpp4b	13	0.01245	0.063648	0.599371	47	7	-0.33829	0.99538	0.99559	0.999886	478	1	-0.33829
Foxl2	14	0.012572	0.065409	0.599371	48	5	-0.18043	0.526	0.80126	0.999886	362	3	-0.18043
Crebbp	117	0.013168	0.11377	0.818289	49	35	0.17677	0.074592	0.39385	0.927132	132	49	0.17677
Tsc2	57	0.0134	0.1019	0.812181	50	24	-0.24634	0.5754	0.9295	0.999886	376	13	-0.24634
Rara	38	0.013581	0.094236	0.795224	51	19	-0.32981	0.38512	0.79706	0.999886	315	10	-0.32981
Irf8	1	0.013783	0.013573	0.313397	52	1	-1.8539	0.98622	0.98634	0.999886	476	0	-1.8539
Brip1	10	0.01492	0.066692	0.599371	53	7	-0.48397	0.74441	0.89157	0.999886	413	2	-0.48397
Irf1	3	0.015888	0.040948	0.562267	54	2	-0.93329	0.90721	0.90719	0.999886	453	0	-0.93329
Sox9	47	0.016301	0.11398	0.818289	55	19	-0.17053	0.042478	0.23733	0.925998	90	18	-0.17053
Pdgfra	55	0.016453	0.1202	0.822824	56	19	-0.052509	0.54815	0.91885	0.999886	370	18	-0.052509
Negr1	26	0.016557	0.097251	0.797867	57	7	0.095981	0.27819	0.65708	0.999886	271	11	0.095981
Foxa1	35	0.017618	0.11174	0.818289	58	13	-0.20165	0.26946	0.68218	0.999886	267	10	-0.20165
Errfi1	7	0.018446	0.067289	0.599371	59	5	-0.47827	0.85229	0.89983	0.999886	437	1	-0.47827
Tshr	22	0.019591	0.10752	0.818289	60	11	-0.43517	0.85053	0.97376	0.999886	436	5	-0.43517
Epha5	76	0.019891	0.14996	0.848607	61	18	0.19154	0.028717	0.19994	0.910309	70	33	0.19154
Ctr9	1	0.021335	0.021452	0.429924	62	1	-2.3213	0.97866	0.97867	0.999886	473	0	-2.3213
Csf1r	27	0.021515	0.1248	0.822824	63	12	-0.22668	0.31774	0.70726	0.999886	290	9	-0.22668
Pdpk1	2	0.021833	0.04069	0.562267	64	2	-1.8868	0.97817	0.97798	0.999886	472	0	-1.8868
Src	26	0.023289	0.12777	0.822824	65	7	-0.023948	0.35051	0.73221	0.999886	304	10	-0.023948
Hgf	35	0.023399	0.13927	0.822824	66	17	-0.27426	0.22019	0.61557	0.999886	240	10	-0.27426
Fgf4	13	0.023617	0.10508	0.815211	67	8	-0.38517	0.03137	0.13393	0.875625	73	5	-0.38517
Tert	14	0.025174	0.11358	0.818289	68	6	-0.062878	0.51672	0.79477	0.999886	358	4	-0.062878
Zfhx3	162	0.025475	0.18634	0.914584	69	56	-0.04097	0.006451	0.066682	0.875625	22	61	-0.04097
Stat5b	17	0.028569	0.13236	0.822824	70	9	-0.32008	0.3618	0.69796	0.999886	310	5	-0.32008
Sox17	46	0.028623	0.17334	0.896923	71	20	-0.21984	0.31989	0.7571	0.999886	291	13	-0.21984
Gna11	21	0.028766	0.14369	0.822824	72	10	-0.30709	0.89955	0.98289	0.999886	451	5	-0.30709
Csde1	17	0.030706	0.13955	0.822824	73	8	-0.184	0.41996	0.75125	0.999886	323	1	-0.184
Smarcd1	14	0.030743	0.13175	0.822824	74	4	0.14369	0.069052	0.24539	0.925998	124	3	0.14369
Dot1l	45	0.030885	0.1809	0.910447	75	17	0.039277	0.43326	0.84282	0.999886	330	15	0.039277
Carm1	18	0.031816	0.14364	0.822824	76	7	-0.14872	0.57969	0.86008	0.999886	378	4	-0.14872
Slx4	6	0.033287	0.103	0.812181	77	4	-0.41927	0.73567	0.82926	0.999886	412	1	-0.41927
Kdm6a	59	0.034109	0.20876	0.964388	78	24	-0.2038	0.56378	0.92801	0.999886	373	20	-0.2038
Akt1	20	0.034512	0.16035	0.876441	79	6	0.16048	0.17773	0.49559	0.96775	208	8	0.16048
Plk2	13	0.034666	0.14341	0.822824	80	7	-0.36819	0.42142	0.71839	0.999886	324	3	-0.36819
Pim1	56	0.036505	0.21603	0.968124	81	23	-0.12854	0.65874	0.95413	0.999886	394	18	-0.12854
Ankrd11	35	0.037853	0.19973	0.941857	82	17	-0.21104	0.45384	0.84179	0.999886	338	12	-0.21104
Brd4	70	0.037858	0.2331	0.997057	83	26	-0.11926	0.018335	0.14103	0.875625	47	20	-0.11926
Ppp2r1a	42	0.038435	0.20575	0.960817	84	16	0.1796	0.53612	0.89683	0.999886	366	15	0.1796
Rps6ka4	46	0.039413	0.21713	0.968124	85	14	-0.045126	0.088036	0.38046	0.927132	142	17	-0.045126
Pold1	60	0.039891	0.23424	0.997057	86	23	-0.047407	0.64245	0.9546	0.999886	391	18	-0.047407
Acvr1	22	0.044325	0.19953	0.941857	87	10	-0.3081	0.18895	0.52309	0.969111	216	6	-0.3081
Mst1r	13	0.045461	0.17239	0.896923	88	6	-0.28489	0.038008	0.15497	0.875625	80	4	-0.28489
Ar	71	0.04586	0.2671	0.999082	89	28	0.059182	0.12464	0.50738	0.96775	173	26	0.059182
Tmem127	15	0.04658	0.18335	0.910447	90	6	0.018728	0.51298	0.80531	0.999886	356	3	0.018728
Nkx2-1	26	0.048332	0.21854	0.968124	91	10	0.11699	0.086911	0.33356	0.927132	141	10	0.11699
Vtcn1	1	0.051544	0.051831	0.585448	92	1	-1.7658	0.94846	0.94872	0.999886	468	0	-1.7658
Smad4	55	0.05244	0.27836	0.999082	93	21	0.043212	0.022502	0.1562	0.875625	59	26	0.043212
Wwtr1	9	0.053594	0.17311	0.896923	94	4	-0.27871	0.50928	0.73894	0.999886	354	3	-0.27871
Bard1	4	0.054259	0.12835	0.822824	95	3	-0.63437	0.93988	0.93914	0.999886	465	0	-0.63437
Setd2	45	0.054436	0.27209	0.999082	96	14	0.12656	0.12582	0.47045	0.959182	174	17	0.12656
Drosha	42	0.054436	0.26341	0.999082	97	16	-0.15378	0.97529	0.99905	0.999886	471	9	-0.15378
Hoxb13	10	0.055021	0.1836	0.910447	98	4	-0.1615	0.91098	0.95718	0.999886	454	2	-0.1615
Mdm4	2	0.055398	0.097867	0.797867	99	2	-0.64687	0.9446	0.94435	0.999886	466	0	-0.64687
Plcg1	6	0.055559	0.15311	0.85632	100	4	-0.48166	0.98529	0.98556	0.999886	475	0	-0.48166
Cdkn2b	4	0.059496	0.13849	0.822824	101	2	-0.24959	0.84257	0.84408	0.999886	435	0	-0.24959
Kdm5c	58	0.060487	0.30867	0.999082	102	23	-0.18433	0.44041	0.86598	0.999886	331	15	-0.18433
Stk11	53	0.061715	0.30592	0.999082	103	19	-0.033073	0.31615	0.76289	0.999886	286	14	-0.033073
Trp53	109	0.061863	0.34288	0.999082	104	42	-0.046875	0.06142	0.34899	0.927132	116	36	-0.046875
Suz12	6	0.063718	0.17063	0.896923	105	3	-0.069205	0.48686	0.66556	0.999886	346	2	-0.069205
Med12	69	0.064112	0.32855	0.999082	106	23	-0.0029018	0.21675	0.66979	0.999886	237	21	-0.0029018
Fanca	9	0.064212	0.19595	0.941857	107	4	-0.29649	0.45826	0.70725	0.999886	341	3	-0.29649
Prkar1a	12	0.065297	0.22203	0.968124	108	3	0.21958	0.14531	0.38584	0.927132	188	6	0.21958
Nthl1	2	0.067045	0.11753	0.820852	109	2	-0.51125	0.93295	0.93293	0.999886	463	0	-0.51125
Ephb1	80	0.06715	0.35086	0.999082	110	29	-0.075109	0.042291	0.2636	0.927132	89	28	-0.075109
Nuf2	3	0.068057	0.13561	0.822824	111	2	-0.89526	0.35227	0.46282	0.959182	305	1	-0.89526
Sox2	18	0.068854	0.25566	0.999082	112	7	-0.058108	0.51847	0.82681	0.999886	359	4	-0.058108
Rab35	10	0.069693	0.22103	0.968124	113	2	0.35386	0.14898	0.37813	0.927132	191	5	0.35386
Rac2	11	0.071113	0.22341	0.968124	114	6	-0.38971	0.50387	0.76126	0.999886	351	2	-0.38971
Runx1t1	3	0.072425	0.14142	0.822824	115	2	-0.68374	0.54776	0.58129	0.999886	369	1	-0.68374
Daxx	18	0.073447	0.26727	0.999082	116	7	-0.17595	0.86671	0.9709	0.999886	441	3	-0.17595
Ccnd2	19	0.07404	0.27515	0.999082	117	4	0.14912	0.3556	0.70772	0.999886	306	6	0.14912
Etv1	26	0.077003	0.29963	0.999082	118	10	-0.11644	0.42407	0.79189	0.999886	325	10	-0.11644
Cdh1	35	0.077132	0.32737	0.999082	119	14	-0.2674	0.92971	0.99522	0.999886	461	7	-0.2674
Dnajb1	1	0.078053	0.078669	0.675709	120	1	-1.3234	0.92195	0.92249	0.999886	459	0	-1.3234
Gsk3b	12	0.078163	0.25055	0.999082	121	1	0.1492	0.19011	0.45748	0.959182	218	5	0.1492
Ptch1	61	0.081099	0.37666	0.999082	122	21	-0.055818	0.32557	0.78501	0.999886	296	18	-0.055818
Epcam	3	0.083614	0.15729	0.869631	123	2	-0.91833	0.94748	0.94705	0.999886	467	0	-0.91833
Atm	69	0.084879	0.39398	0.999082	124	20	0.29822	0.026674	0.1843	0.907279	65	32	0.29822
Sdha	31	0.085878	0.33769	0.999082	125	13	-0.24869	0.38665	0.78105	0.999886	317	10	-0.24869
Msi1	12	0.086804	0.26833	0.999082	126	6	-0.26565	0.43182	0.722	0.999886	329	3	-0.26565
Idh2	26	0.090947	0.33502	0.999082	127	12	-0.24809	0.025111	0.13848	0.875625	62	10	-0.24809
Sesn2	14	0.091388	0.28868	0.999082	128	2	0.37039	0.094837	0.3077	0.927132	151	7	0.37039
Blm	13	0.092884	0.28979	0.999082	129	7	-0.30162	0.096708	0.30192	0.927132	155	5	-0.30162
Rxra	21	0.093807	0.32905	0.999082	130	9	-0.15811	0.18921	0.52123	0.969111	217	8	-0.15811
Tbx3	58	0.094463	0.40958	0.999082	131	15	0.10506	0.17868	0.59726	0.999886	210	23	0.10506
Trip13	3	0.09505	0.17342	0.896923	132	2	-0.59482	0.92851	0.9281	0.999886	460	0	-0.59482
Ntrk1	38	0.095513	0.38114	0.999082	133	16	-0.25803	0.63639	0.93342	0.999886	387	7	-0.25803
Nfe2l2	14	0.096374	0.29883	0.999082	134	6	-0.021764	0.39741	0.71443	0.999886	320	4	-0.021764
Fgfr3	43	0.096493	0.39246	0.999082	135	18	-0.12878	0.039799	0.22255	0.925998	84	16	-0.12878
Mitf	37	0.096528	0.38123	0.999082	136	16	0.028973	0.0052875	0.045086	0.803208	18	14	0.028973
Erbb2	44	0.099848	0.40267	0.999082	137	16	-0.15277	0.56405	0.91393	0.999886	374	14	-0.15277
Ntrk2	45	0.10521	0.41443	0.999082	138	15	0.0031416	0.45893	0.85948	0.999886	342	15	0.0031416
Keap1	75	0.1057	0.45936	0.999082	139	24	0.048637	0.057763	0.32492	0.927132	108	27	0.048637
Gps2	16	0.10719	0.33449	0.999082	140	6	-0.003599	0.85495	0.96281	0.999886	438	4	-0.003599
Jak2	14	0.10724	0.32077	0.999082	141	4	0.034812	0.17392	0.452	0.959182	206	5	0.034812
Rad54l	17	0.10827	0.34072	0.999082	142	7	0.056213	0.13176	0.39862	0.927132	178	6	0.056213
Bcl6	42	0.10947	0.41738	0.999082	143	11	-0.012897	0.0079129	0.060455	0.875625	24	14	-0.012897
Stat5a	15	0.10987	0.33619	0.999082	144	7	-0.31033	0.13212	0.39093	0.927132	179	6	-0.31033
Bcl2	25	0.10987	0.37933	0.999082	145	4	0.15108	0.44505	0.80678	0.999886	333	9	0.15108
Traf7	33	0.11183	0.4078	0.999082	146	7	0.19083	0.060009	0.27836	0.927132	113	14	0.19083
Tnfrsf10b	1	0.11717	0.11775	0.820852	147	1	-0.79908	0.88283	0.88363	0.999886	445	0	-0.79908
Insr	59	0.11729	0.46725	0.999082	148	20	0.10994	0.052363	0.28768	0.927132	101	25	0.10994
Xpo1	11	0.11742	0.32485	0.999082	149	2	0.049883	0.10221	0.29868	0.927132	157	5	0.049883
Yes1	7	0.11917	0.28381	0.999082	150	3	-0.32974	0.72227	0.83659	0.999886	408	2	-0.32974
Top1	11	0.12038	0.33096	0.999082	151	3	0.08831	0.093045	0.27963	0.927132	149	5	0.08831
Ercc2	50	0.12046	0.46198	0.999082	152	19	0.10286	0.038091	0.22209	0.925998	81	23	0.10286
Pak7	21	0.12066	0.38954	0.999082	153	9	-0.27919	0.91601	0.98658	0.999886	458	5	-0.27919
Igf1r	38	0.12106	0.4385	0.999082	154	16	-0.12374	0.75196	0.96694	0.999886	417	9	-0.12374
Pot1b	3	0.12273	0.21052	0.964388	155	1	-0.17211	0.20144	0.31475	0.927132	224	1	-0.17211
Max	15	0.12458	0.36312	0.999082	156	5	-0.14257	0.38337	0.70558	0.999886	314	3	-0.14257
Pparg	20	0.12689	0.39357	0.999082	157	7	0.53616	0.0056345	0.039307	0.803208	20	11	0.53616
Rb1	67	0.12708	0.50286	0.999082	158	26	-0.0077192	0.056554	0.31431	0.927132	106	21	-0.0077192
Vav2	1	0.12752	0.12809	0.822824	159	1	-0.80894	0.87248	0.87322	0.999886	443	0	-0.80894
Socs1	30	0.12837	0.43406	0.999082	160	11	-0.17088	0.99406	0.99959	0.999886	477	5	-0.17088
Sh2b3	15	0.13014	0.37288	0.999082	161	4	0.15187	0.18391	0.47509	0.959182	213	5	0.15187
Prdm1	28	0.13172	0.43508	0.999082	162	8	0.2195	0.038262	0.19477	0.910309	82	13	0.2195
Rras	9	0.13205	0.33105	0.999082	163	5	-0.35994	0.049513	0.1684	0.880461	96	3	-0.35994
Egfr	61	0.13238	0.50493	0.999082	164	17	0.034944	0.069612	0.34862	0.927132	126	25	0.034944
Runx1	57	0.13285	0.49949	0.999082	165	20	-0.13978	0.81191	0.98688	0.999886	427	16	-0.13978
Lmo1	8	0.13374	0.3193	0.999082	166	3	-0.054144	0.68017	0.83026	0.999886	399	2	-0.054144
Ncoa3	18	0.13529	0.39984	0.999082	167	4	0.030089	0.36022	0.70474	0.999886	308	5	0.030089
Gata1	16	0.13752	0.39522	0.999082	168	6	0.19397	0.23755	0.55371	0.986417	251	5	0.19397
Trp53bp1	19	0.13782	0.41255	0.999082	169	8	0.20661	0.36122	0.71362	0.999886	309	7	0.20661
Esr1	39	0.141	0.48242	0.999082	170	14	0.10075	0.18409	0.56971	0.998791	214	13	0.10075
Rtel1	12	0.14127	0.37105	0.999082	171	6	-0.20448	0.45348	0.74169	0.999886	337	3	-0.20448
Prdm14	17	0.14172	0.40529	0.999082	172	6	0.089357	0.54989	0.83766	0.999886	372	5	0.089357
Ksr2	6	0.14363	0.30571	0.999082	173	2	-0.28138	0.37679	0.5949	0.999886	312	1	-0.28138
Tdpoz8	3	0.14413	0.23877	0.999082	174	2	-0.50766	0.76899	0.76991	0.999886	419	0	-0.50766
Rptor	38	0.14507	0.48597	0.999082	175	10	0.079773	0.49739	0.87148	0.999886	348	13	0.079773
Fgf3	26	0.14572	0.45286	0.999082	176	11	-0.14093	0.53522	0.8644	0.999886	365	7	-0.14093
H2-D1	3	0.14579	0.24058	0.999082	177	2	-0.43086	0.88705	0.88782	0.999886	447	0	-0.43086
Cdkn1b	3	0.14741	0.2426	0.999082	178	1	0.51686	0.26886	0.39807	0.927132	266	2	0.51686
Lats1	28	0.14795	0.46661	0.999082	179	7	0.15364	0.10391	0.38465	0.927132	158	10	0.15364
Rhoa	12	0.15105	0.38898	0.999082	180	5	0.18518	0.21659	0.49739	0.96775	236	6	0.18518
Smarca2	12	0.15135	0.38946	0.999082	181	5	-0.081423	0.19824	0.46962	0.959182	223	4	-0.081423
Bmpr1a	16	0.15417	0.42285	0.999082	182	6	0.17621	0.1444	0.41423	0.946881	186	8	0.17621
Pik3c3	19	0.15664	0.44588	0.999082	183	8	-0.26705	0.15278	0.44643	0.959182	194	7	-0.26705
Znrf3	3	0.15908	0.25744	0.999082	184	2	-0.5493	0.52413	0.56478	0.998742	361	1	-0.5493
Tgfbr1	34	0.16003	0.50344	0.999082	185	13	-0.072667	0.30168	0.70927	0.999886	279	12	-0.072667
Cux1	6	0.1606	0.32806	0.999082	186	3	-0.38805	0.84074	0.86936	0.999886	434	1	-0.38805
Smarcb1	22	0.16074	0.46963	0.999082	187	8	-0.18685	0.73353	0.94111	0.999886	409	6	-0.18685
Idh1	11	0.16387	0.39882	0.999082	188	3	0.16873	0.04138	0.15531	0.875625	88	4	0.16873
Kmt2a	80	0.16847	0.59384	0.999082	189	24	0.1078	0.096433	0.447	0.959182	154	32	0.1078
Pdgfrb	44	0.17229	0.55324	0.999082	190	16	-0.16771	0.46319	0.86221	0.999886	344	12	-0.16771
Trp63	81	0.17497	0.60687	0.999082	191	17	0.23394	0.0088663	0.082727	0.875625	28	35	0.23394
Ptp4a1	6	0.17747	0.34946	0.999082	192	2	0.8211	0.01329	0.050279	0.858192	37	4	0.8211
Irf4	21	0.17864	0.49035	0.999082	193	8	-0.19061	0.20926	0.5509	0.985068	234	7	-0.19061
H3f3a	1	0.1819	0.18145	0.910447	194	1	-0.89807	0.8181	0.8194	0.999886	428	0	-0.89807
Prkci	6	0.18406	0.35842	0.999082	195	3	-0.3303	0.61929	0.75615	0.999886	384	2	-0.3303
Kmt2b	139	0.18618	0.63611	0.999082	196	46	0.038636	0.18386	0.64105	0.999886	212	48	0.038636
Brca2	13	0.18783	0.45302	0.999082	197	6	-0.18583	0.14101	0.39131	0.927132	184	5	-0.18583
Cbfb	15	0.18889	0.47583	0.999082	198	7	-0.25561	0.068622	0.2499	0.925998	123	5	-0.25561
Cdk12	36	0.19049	0.56558	0.999082	199	7	0.12661	0.18787	0.57103	0.998791	215	14	0.12661
Pbrm1	34	0.19121	0.55648	0.999082	200	11	0.15044	0.28795	0.69415	0.999886	275	13	0.15044
Fgf15	1	0.19134	0.19083	0.927142	201	1	-0.58004	0.80866	0.81037	0.999886	425	0	-0.58004
Mdc1	8	0.2037	0.4215	0.999082	202	4	0.0079858	0.092853	0.25797	0.925998	148	4	0.0079858
Map3k13	33	0.20536	0.57687	0.999082	203	10	-0.06738	0.45301	0.83415	0.999886	336	12	-0.06738
Klf4	12	0.20786	0.47414	0.999082	204	5	0.024426	0.39781	0.69022	0.999886	321	5	0.024426
Calr	4	0.20791	0.33887	0.999082	205	1	0.24781	0.010382	0.034552	0.803208	31	2	0.24781
Map2k2	17	0.20897	0.51184	0.999082	206	5	0.14356	0.1197	0.37665	0.927132	168	7	0.14356
Cd79a	7	0.20915	0.41545	0.999082	207	2	0.1822	0.31763	0.54361	0.981641	289	3	0.1822
Tap2	6	0.21142	0.39356	0.999082	208	3	-0.18291	0.32465	0.53755	0.981641	295	2	-0.18291
Cdk4	8	0.21189	0.43325	0.999082	209	4	-0.055929	0.1332	0.33304	0.927132	180	3	-0.055929
Bcr	4	0.21279	0.34435	0.999082	210	2	-0.18659	0.86678	0.86709	0.999886	442	0	-0.18659
Rnf43	47	0.22118	0.63332	0.999082	211	14	0.097879	0.23262	0.65958	0.999886	246	13	0.097879
Hnf1a	34	0.22399	0.60581	0.999082	212	12	0.10545	0.25855	0.6602	0.999886	263	10	0.10545
Notch1	138	0.22413	0.69184	0.999082	213	43	0.035691	0.061928	0.35097	0.927132	118	57	0.035691
Jun	4	0.22452	0.35665	0.999082	214	2	-0.43438	0.33602	0.48065	0.959182	300	1	-0.43438
Men1	39	0.2264	0.62387	0.999082	215	13	0.15402	0.026131	0.16038	0.875625	63	16	0.15402
Tcf3	13	0.22804	0.51207	0.999082	216	5	-0.1735	0.89056	0.96316	0.999886	448	2	-0.1735
Tes3-ps	6	0.23076	0.41787	0.999082	217	1	0.68471	0.011197	0.043177	0.803208	33	5	0.68471
Tsc1	44	0.23089	0.64159	0.999082	218	13	0.1646	0.11629	0.4506	0.959182	166	20	0.1646
Myd88	6	0.23149	0.41895	0.999082	219	2	0.22311	0.54614	0.70476	0.999886	368	2	0.22311
Ptpn11	37	0.2328	0.63121	0.999082	220	7	0.38273	0.012369	0.089233	0.875625	35	20	0.38273
Smo	45	0.23344	0.64382	0.999082	221	16	-0.16535	0.3235	0.75568	0.999886	294	15	-0.16535
Recql4	12	0.23926	0.5118	0.999082	222	5	-0.20594	0.89674	0.96227	0.999886	449	2	-0.20594
Malt1	16	0.23937	0.54743	0.999082	223	5	-0.16645	0.099861	0.32743	0.927132	156	7	-0.16645
Rbm10	91	0.23944	0.71398	0.999082	224	33	-0.10283	0.072561	0.38827	0.927132	129	32	-0.10283
Aurka	6	0.23983	0.42978	0.999082	225	2	-0.090805	0.91178	0.91292	0.999886	455	1	-0.090805
Rragc	7	0.24144	0.45029	0.999082	226	3	-0.22599	0.92992	0.93533	0.999886	462	1	-0.22599
Kdr	58	0.24204	0.67959	0.999082	227	17	0.12652	0.034631	0.21621	0.925998	79	26	0.12652
Inpp4a	56	0.24329	0.67719	0.999082	228	19	0.20568	0.30778	0.7595	0.999886	281	22	0.20568
Cdk8	19	0.24554	0.57353	0.999082	229	7	0.078044	0.31745	0.66797	0.999886	288	6	0.078044
Tet1	10	0.24992	0.50921	0.999082	230	4	0.17812	0.20373	0.4582	0.959182	228	5	0.17812
Card11	112	0.25009	0.7248	0.999082	231	34	0.089884	0.019364	0.1559	0.875625	53	46	0.089884
Tek	34	0.25172	0.64136	0.999082	232	12	0.071532	0.01149	0.082548	0.875625	34	13	0.071532
Rad51c	1	0.25274	0.25272	0.999082	233	1	-0.58483	0.74726	0.74893	0.999886	415	0	-0.58483
Kit	24	0.25432	0.61552	0.999082	234	6	0.11884	0.34187	0.72031	0.999886	301	10	0.11884
Park2	1	0.25508	0.25523	0.999082	235	1	-0.54079	0.74492	0.7465	0.999886	414	0	-0.54079
Dnmt3c	16	0.26001	0.5754	0.999082	236	4	0.27809	0.033888	0.15206	0.875625	78	8	0.27809
Traf2	10	0.26043	0.51985	0.999082	237	2	0.60425	0.0085246	0.04254	0.803208	26	7	0.60425
Dis3	13	0.2614	0.55246	0.999082	238	3	0.2996	0.094663	0.29769	0.927132	150	6	0.2996
Bcl10	1	0.26452	0.26519	0.999082	239	1	-0.56561	0.73548	0.7369	0.999886	411	0	-0.56561
Nup93	24	0.26463	0.62808	0.999082	240	6	-0.012782	0.52822	0.85762	0.999886	363	9	-0.012782
Grin2a	159	0.26526	0.74311	0.999082	241	54	0.060948	0.014228	0.12395	0.875625	40	63	0.060948
Mlh1	26	0.2654	0.63209	0.999082	242	10	-0.013277	0.2497	0.6232	0.999886	259	8	-0.013277
Sesn1	1	0.26603	0.26685	0.999082	243	1	-0.54511	0.73397	0.73533	0.999886	410	0	-0.54511
Stat3	28	0.27462	0.65128	0.999082	244	8	-0.042648	0.056551	0.25741	0.925998	105	9	-0.042648
Babam1	10	0.27892	0.53939	0.999082	245	4	0.25071	0.2175	0.47841	0.959182	238	5	0.25071
Rasa1	31	0.28036	0.66922	0.999082	246	9	0.1503	0.11879	0.42708	0.959182	167	12	0.1503
Epha7	82	0.28194	0.75366	0.999082	247	23	0.19472	0.033494	0.22714	0.925998	77	36	0.19472
Flt1	16	0.28744	0.60564	0.999082	248	5	0.20122	0.15071	0.42631	0.959182	193	5	0.20122
Ezh2	20	0.28767	0.63138	0.999082	249	4	0.14649	0.22715	0.56686	0.998747	243	8	0.14649
Cic	67	0.29073	0.75019	0.999082	250	24	-0.013707	0.23812	0.69707	0.999886	252	27	-0.013707
Kmt2d	264	0.29178	0.77069	0.999082	251	92	-0.094195	0.20166	0.66863	0.999886	225	90	-0.094195
Csf3r	3	0.29287	0.40561	0.999082	252	1	0.011336	0.8283	0.8291	0.999886	429	0	0.011336
Rps6kb2	8	0.29961	0.53451	0.999082	253	3	-0.20314	0.055	0.1727	0.889469	104	3	-0.20314
Kras	13	0.30285	0.59602	0.999082	254	5	0.074698	0.22118	0.50929	0.96775	241	6	0.074698
Rad21	17	0.3042	0.63148	0.999082	255	4	0.088314	0.11448	0.3656	0.927132	165	8	0.088314
Met	37	0.30572	0.71621	0.999082	256	14	0.078961	0.20646	0.60163	0.999886	231	14	0.078961
Mycl	4	0.3152	0.45254	0.999082	257	2	-0.0042179	0.20333	0.34718	0.927132	227	2	-0.0042179
Inhba	43	0.31568	0.73733	0.999082	258	15	-0.054088	0.49448	0.87797	0.999886	347	12	-0.054088
Smyd3	13	0.31849	0.61193	0.999082	259	4	-0.15828	0.66238	0.87081	0.999886	395	3	-0.15828
Map2k4	30	0.31852	0.70557	0.999082	260	9	-0.012245	0.4263	0.80851	0.999886	327	11	-0.012245
Irs1	34	0.32007	0.71877	0.999082	261	11	-0.048481	0.12184	0.43711	0.959182	169	12	-0.048481
Alox12b	14	0.32015	0.62942	0.999082	262	4	0.072212	0.28173	0.59384	0.999886	272	5	0.072212
Fgfr1	29	0.32144	0.70478	0.999082	263	11	0.13151	0.10932	0.39899	0.927132	161	13	0.13151
Bcor	50	0.32454	0.75836	0.999082	264	12	0.18295	0.067058	0.3265	0.927132	120	23	0.18295
Ntrk3	78	0.3252	0.79228	0.999082	265	27	-0.096321	0.058687	0.3276	0.927132	111	27	-0.096321
Shoc2	1	0.326	0.32621	0.999082	266	1	-0.34731	0.674	0.67612	0.999886	396	0	-0.34731
Spop	9	0.32608	0.57887	0.999082	267	3	0.2851	0.16692	0.39432	0.927132	203	4	0.2851
Lztr1	6	0.33825	0.54406	0.999082	268	1	0.074584	0.35936	0.57636	0.999886	307	3	0.074584
Ros1	52	0.34295	0.77758	0.999082	269	17	-0.0024315	0.19746	0.61508	0.999886	222	14	-0.0024315
Pms1	10	0.34793	0.60989	0.999082	270	3	0.17431	0.19418	0.44483	0.959182	221	4	0.17431
Ago2	22	0.34804	0.70421	0.999082	271	5	0.33613	0.052038	0.23009	0.925998	99	11	0.33613
Ercc3	21	0.35001	0.7032	0.999082	272	7	0.29675	0.15296	0.45774	0.959182	195	10	0.29675
Id3	7	0.35179	0.56688	0.999082	273	3	-0.035307	0.069472	0.20303	0.910309	125	2	-0.035307
Igf2	6	0.36195	0.56005	0.999082	274	2	-0.147	0.24665	0.44639	0.959182	257	2	-0.147
Pgbd5	2	0.36522	0.38118	0.999082	275	1	-0.29445	0.79722	0.7964	0.999886	422	0	-0.29445
Ubr5	1	0.36617	0.36642	0.999082	276	0	-0.25469	0.63383	0.63631	0.999886	385	0	-0.25469
Sesn3	6	0.36714	0.56336	0.999082	277	2	0.037962	0.28751	0.49422	0.96775	274	3	0.037962
Mapk3	7	0.37098	0.58683	0.999082	278	2	0.10255	0.23304	0.46174	0.959182	247	3	0.10255
Fyn	27	0.37142	0.7484	0.999082	279	7	-0.14398	0.76907	0.96016	0.999886	420	5	-0.14398
Cdk6	4	0.3776	0.51841	0.999082	280	2	-0.043866	0.13933	0.28129	0.927132	182	2	-0.043866
Nf1	137	0.37815	0.84515	0.999082	281	38	0.037454	0.0072433	0.073208	0.875625	23	57	0.037454
Ezh1	23	0.37835	0.73671	0.999082	282	4	0.40034	0.018384	0.10515	0.875625	48	13	0.40034
Dicer1	28	0.38042	0.75587	0.999082	283	10	0.22254	0.0089032	0.063191	0.875625	29	14	0.22254
Gnaq	4	0.38105	0.52222	0.999082	284	1	-0.19189	0.70739	0.73323	0.999886	404	1	-0.19189
Dnmt1	16	0.38114	0.69534	0.999082	285	6	0.12117	0.26708	0.59001	0.999886	265	7	0.12117
Btk	25	0.38205	0.74644	0.999082	286	5	0.46871	0.0047923	0.036223	0.803208	16	14	0.46871
Pms2	9	0.38379	0.63259	0.999082	287	2	-0.0025297	0.14937	0.36484	0.927132	192	4	-0.0025297
Casp8	9	0.38513	0.63356	0.999082	288	3	0.3265	0.18013	0.41537	0.946881	211	5	0.3265
Bap1	56	0.38801	0.81999	0.999082	289	18	-0.098372	0.0021124	0.022765	0.782126	11	23	-0.098372
Gata2	36	0.39292	0.78904	0.999082	290	12	-0.028672	0.12671	0.45936	0.959182	176	16	-0.028672
Akt2	16	0.39402	0.70736	0.999082	291	6	0.45728	0.021333	0.1054	0.875625	56	9	0.45728
Smad3	53	0.3964	0.82387	0.999082	292	19	-0.084808	0.65429	0.95218	0.999886	393	18	-0.084808
Prex2	51	0.39683	0.82131	0.999082	293	15	0.11855	0.010802	0.087035	0.875625	32	22	0.11855
Smad2	18	0.40284	0.73489	0.999082	294	6	0.22678	0.041047	0.17992	0.90149	87	8	0.22678
Eif4a2	2	0.40513	0.41472	0.999082	295	1	0.6614	0.080554	0.13926	0.875625	139	1	0.6614
Ncor2	5	0.41208	0.56831	0.999082	296	2	0.25589	0.22513	0.41157	0.946881	242	2	0.25589
Irs2	55	0.41227	0.83789	0.999082	297	18	-0.082785	0.31466	0.76833	0.999886	285	17	-0.082785
Msh6	18	0.41403	0.74293	0.999082	298	6	-0.064651	0.50252	0.81775	0.999886	349	6	-0.064651
Vegfa	5	0.41479	0.57077	0.999082	299	1	0.15131	0.45402	0.6143	0.999886	339	2	0.15131
Igf1	10	0.41617	0.67612	0.999082	300	4	-0.26606	0.12208	0.33543	0.927132	170	3	-0.26606
Arid1b	74	0.4169	0.85869	0.999082	301	23	0.16347	0.028188	0.19559	0.910309	69	34	0.16347
Myc	11	0.41874	0.68416	0.999082	302	4	0.48003	0.052107	0.18596	0.907279	100	6	0.48003
Pik3c2g	24	0.42038	0.77727	0.999082	303	4	0.34796	0.050496	0.22891	0.925998	97	13	0.34796
H3f3b	2	0.42179	0.42954	0.999082	304	1	-0.048133	0.46891	0.47543	0.959182	345	1	-0.048133
Epas1	5	0.43109	0.58477	0.999082	305	1	1.2387	0.0009618	0.0042326	0.424508	7	4	1.2387
Notch2	81	0.43214	0.87255	0.999082	306	24	0.09499	0.12311	0.51361	0.96775	171	33	0.09499
Asxl2	28	0.43314	0.79927	0.999082	307	9	0.05784	0.1735	0.52384	0.969111	205	9	0.05784
Gnas	30	0.43424	0.80589	0.999082	308	10	0.26922	0.021302	0.12788	0.875625	55	15	0.26922
Mga	46	0.43927	0.84367	0.999082	309	12	0.17404	0.058419	0.29175	0.927132	110	17	0.17404
Cxcr4	5	0.44584	0.59759	0.999082	310	1	0.32307	0.30814	0.49608	0.96775	282	2	0.32307
Nsd1	35	0.45328	0.83319	0.999082	311	11	0.25979	0.060083	0.2831	0.927132	114	15	0.25979
Kmt2c	75	0.45526	0.88412	0.999082	312	22	-0.046213	0.23691	0.7057	0.999886	250	26	-0.046213
Jak1	50	0.45788	0.85899	0.999082	313	14	0.30311	0.0165	0.12036	0.875625	43	25	0.30311
Axl	45	0.45893	0.85212	0.999082	314	14	-0.098743	0.069853	0.32809	0.927132	127	16	-0.098743
Fgfr4	35	0.45946	0.83734	0.999082	315	12	0.025306	0.32616	0.74071	0.999886	297	12	0.025306
Apc	119	0.46303	0.89539	0.999082	316	33	0.079801	0.38619	0.85699	0.999886	316	41	0.079801
Fbxw7	60	0.46431	0.87593	0.999082	317	16	0.20584	0.021669	0.15419	0.875625	57	26	0.20584
B2m	3	0.46524	0.5098	0.999082	318	1	-0.10645	0.88336	0.88442	0.999886	446	0	-0.10645
Arid2	73	0.47552	0.89221	0.999082	319	22	0.063541	0.076607	0.38183	0.927132	135	28	0.063541
Arhgap35	7	0.47663	0.67369	0.999082	320	2	0.35318	0.19197	0.40591	0.938662	219	4	0.35318
Il7r	7	0.47806	0.67449	0.999082	321	2	-0.025136	0.13746	0.32003	0.927132	181	3	-0.025136
Alb	1	0.48082	0.48071	0.999082	322	0	-0.043981	0.51918	0.51891	0.969111	360	0	-0.043981
Actg1	8	0.48212	0.69425	0.999082	323	2	0.54013	0.067251	0.20109	0.910309	121	5	0.54013
Mtor	108	0.48273	0.90513	0.999082	324	36	0.0014547	0.19378	0.65723	0.999886	220	38	0.0014547
Pgr	22	0.48461	0.81485	0.999082	325	6	0.20832	0.027024	0.14292	0.875625	66	10	0.20832
Eif4e	3	0.48601	0.52375	0.999082	326	1	0.1995	0.21269	0.32882	0.927132	235	1	0.1995
Mapkap1	8	0.48627	0.69791	0.999082	327	3	0.44325	0.032862	0.118	0.875625	75	4	0.44325
Rad51b	1	0.48709	0.48699	0.999082	328	0	-0.025337	0.51291	0.51276	0.96775	355	0	-0.025337
Axin2	23	0.48747	0.81906	0.999082	329	7	0.075675	0.048236	0.21707	0.925998	93	9	0.075675
Eif1ad19	8	0.49022	0.70139	0.999082	330	2	0.16577	0.24439	0.48191	0.959182	255	4	0.16577
Ptprt	222	0.49492	0.91089	0.999082	331	59	0.11419	0.0052539	0.05582	0.873206	17	83	0.11419
Pak1	17	0.49636	0.79482	0.999082	332	5	0.20532	0.12376	0.38443	0.927132	172	7	0.20532
Pten	18	0.49745	0.80073	0.999082	333	4	-0.097811	0.76206	0.9394	0.999886	418	5	-0.097811
Sf3b1	35	0.50226	0.86384	0.999082	334	12	-0.061586	0.062199	0.28954	0.927132	119	14	-0.061586
Map3k1	29	0.50266	0.84678	0.999082	335	7	0.18985	0.039983	0.20063	0.910309	85	14	0.18985
Pmaip1	2	0.5027	0.50268	0.999082	336	1	0.42007	0.15405	0.2345	0.925998	196	1	0.42007
Rheb	2	0.50344	0.50332	0.999082	337	1	-0.24316	0.71518	0.71361	0.999886	405	0	-0.24316
Crkl	3	0.50666	0.53784	0.999082	338	1	-0.043162	0.25722	0.38434	0.927132	262	1	-0.043162
Ncor1	36	0.50829	0.86601	0.999082	339	10	0.062308	0.7179	0.95713	0.999886	406	10	0.062308
Atr	40	0.50835	0.876	0.999082	340	9	0.1012	0.0045895	0.040332	0.803208	15	17	0.1012
Egfl7	2	0.50928	0.50874	0.999082	341	1	0.40779	0.17791	0.25128	0.925998	209	1	0.40779
Foxp1	39	0.50939	0.87345	0.999082	342	9	0.22377	0.095146	0.3884	0.927132	152	18	0.22377
Mapk1	8	0.51256	0.72062	0.999082	343	2	0.09224	0.17546	0.39095	0.927132	207	3	0.09224
Pik3cb	26	0.51296	0.84519	0.999082	344	5	0.48907	0.013834	0.086816	0.875625	39	15	0.48907
Erg	32	0.5152	0.86333	0.999082	345	9	0.24542	0.018678	0.11621	0.875625	50	15	0.24542
Tgfbr2	28	0.51938	0.8545	0.999082	346	9	-0.023451	0.00072026	0.0073262	0.424508	5	7	-0.023451
Spred1	13	0.52299	0.78147	0.999082	347	3	0.35496	0.040328	0.16202	0.875625	86	7	0.35496
Braf	30	0.52449	0.86136	0.999082	348	9	0.11454	0.026546	0.14973	0.875625	64	13	0.11454
Ercc5	8	0.53081	0.73665	0.999082	349	2	0.6358	0.0082477	0.037248	0.803208	25	4	0.6358
Spen	71	0.53112	0.91613	0.999082	350	14	0.29156	0.016799	0.13163	0.875625	44	35	0.29156
Xrcc2	6	0.53323	0.68304	0.999082	351	2	0.5512	0.076929	0.20075	0.910309	136	3	0.5512
Mdm2	6	0.53426	0.68387	0.999082	352	2	0.64984	0.054536	0.15447	0.875625	102	4	0.64984
Pole	61	0.53571	0.91109	0.999082	353	16	0.2211	0.015997	0.12142	0.875625	42	28	0.2211
Sgk1	3	0.53578	0.55933	0.999082	354	1	0.36289	0.24824	0.37335	0.927132	258	2	0.36289
Cdc73	11	0.5363	0.78024	0.999082	355	2	0.43726	0.01851	0.082399	0.875625	49	7	0.43726
Notch3	114	0.53667	0.92778	0.999082	356	32	0.19498	0.0052965	0.056277	0.873206	19	51	0.19498
Ddx3x	1	0.54562	0.54592	0.999082	357	0	0.10728	0.45438	0.45435	0.959182	340	0	0.10728
Atp6v1b2	1	0.54962	0.54983	0.999082	358	0	0.13764	0.45038	0.45031	0.959182	335	0	0.13764
Yap1	9	0.56363	0.76594	0.999082	359	2	0.15054	0.68683	0.85482	0.999886	402	2	0.15054
Mre11a	1	0.57122	0.572	0.999082	360	0	0.17452	0.42878	0.42877	0.959182	328	0	0.17452
Rit1	10	0.57277	0.7829	0.999082	361	3	0.25782	0.23647	0.50442	0.96775	248	4	0.25782
Fh1	18	0.57427	0.85112	0.999082	362	4	0.0073863	0.06824	0.26288	0.927132	122	7	0.0073863
Erbb4	80	0.57647	0.93872	0.999082	363	24	0.071862	0.061353	0.33829	0.927132	115	34	0.071862
Prkd1	30	0.57813	0.89104	0.999082	364	6	0.11104	0.088506	0.35271	0.927132	143	13	0.11104
Tcf7l2	41	0.58565	0.91249	0.999082	365	10	0.045917	0.12623	0.4662	0.959182	175	15	0.045917
Rad52	2	0.5864	0.58508	0.999082	366	0	0.66089	0.084749	0.14568	0.875625	140	1	0.66089
Eed	9	0.58789	0.78357	0.999082	367	2	0.32724	0.12743	0.32623	0.927132	177	4	0.32724
Sdhb	7	0.59141	0.74294	0.999082	368	2	0.08395	0.60269	0.76644	0.999886	381	2	0.08395
Pik3ca	64	0.59264	0.93627	0.999082	369	17	0.11023	0.031274	0.20439	0.910309	72	28	0.11023
Foxo1	16	0.59715	0.84807	0.999082	370	4	0.037636	0.32025	0.65159	0.999886	292	7	0.037636
Ccnd3	8	0.59739	0.77089	0.999082	371	2	-0.039119	0.83399	0.91127	0.999886	432	2	-0.039119
Map2k1	9	0.60212	0.79491	0.999082	372	3	-0.20439	0.65267	0.83209	0.999886	392	2	-0.20439
Inha	6	0.60488	0.7391	0.999082	373	2	-0.12702	0.24198	0.44069	0.959182	254	1	-0.12702
Ccne1	1	0.60709	0.60872	0.999082	374	0	0.27516	0.39291	0.39327	0.927132	319	0	0.27516
Cd79b	3	0.60886	0.61744	0.999082	375	1	-0.15761	0.86607	0.86671	0.999886	440	0	-0.15761
Inppl1	38	0.61111	0.91818	0.999082	376	11	0.17221	0.00084138	0.0094351	0.453828	6	18	0.17221
Flcn	17	0.61157	0.86222	0.999082	377	4	-0.21728	0.26293	0.59677	0.999886	264	4	-0.21728
Pik3cd	43	0.61476	0.92796	0.999082	378	13	0.17494	0.20621	0.61412	0.999886	230	18	0.17494
Araf	37	0.61933	0.92296	0.999082	379	11	0.18167	0.048166	0.24679	0.925998	92	17	0.18167
Shq1	2	0.62082	0.61903	0.999082	380	0	0.29168	0.34619	0.37453	0.927132	302	1	0.29168
Ptprd	142	0.62454	0.95616	0.999082	381	41	0.0051524	0.44305	0.8912	0.999886	332	50	0.0051524
Notch4	10	0.62727	0.81649	0.999082	382	3	-0.07097	0.50515	0.75744	0.999886	352	3	-0.07097
Etnk1	1	0.62937	0.63173	0.999082	383	0	0.36989	0.37063	0.37086	0.927132	311	0	0.36989
Srcap	3	0.63468	0.63902	0.999082	384	1	-0.32387	0.91466	0.91472	0.999886	457	0	-0.32387
Bcl2l11	2	0.63765	0.63634	0.999082	385	0	0.61266	0.05782	0.10196	0.875625	109	1	0.61266
Ccnd1	10	0.64703	0.82864	0.999082	386	2	0.17198	0.25637	0.53128	0.976451	261	5	0.17198
Sdhc	3	0.65043	0.6525	0.999082	387	1	0.20567	0.68424	0.6886	0.999886	401	1	0.20567
Pax5	39	0.65555	0.93824	0.999082	388	7	0.3811	0.00029719	0.0037551	0.424508	3	19	0.3811
Flt3	20	0.65642	0.89763	0.999082	389	6	0.13239	0.20781	0.53929	0.981641	233	9	0.13239
Foxf1	2	0.6609	0.65974	0.999082	390	0	-0.027262	0.70543	0.70402	0.999886	403	0	-0.027262
Ikzf3	2	0.66695	0.66559	0.999082	391	0	0.67252	0.10501	0.17747	0.898539	160	1	0.67252
Cul3	24	0.66892	0.91471	0.999082	392	6	0.52399	0.0044783	0.033398	0.803208	14	13	0.52399
Tnfaip3	13	0.67529	0.87317	0.999082	393	3	-0.036954	0.60973	0.84436	0.999886	383	4	-0.036954
Rad51	3	0.68224	0.68303	0.999082	394	1	-0.31268	0.42454	0.50297	0.96775	326	1	-0.31268
Brca1	4	0.68515	0.70347	0.999082	395	1	0.40853	0.23678	0.38116	0.927132	249	2	0.40853
Fgfr2	54	0.687	0.95771	0.999082	396	14	0.14137	0.16025	0.55682	0.988303	199	22	0.14137
Rybp	1	0.69153	0.69286	0.999082	397	0	0.40941	0.30847	0.30866	0.927132	284	1	0.40941
Sufu	10	0.69263	0.85812	0.999082	398	3	-0.159	0.75118	0.89527	0.999886	416	1	-0.159
Alk	70	0.6942	0.96695	0.999082	399	17	0.12258	0.14295	0.5449	0.981641	185	30	0.12258
Cdkn1a	1	0.69568	0.69674	0.999082	400	0	0.36785	0.30432	0.30483	0.927132	280	1	0.36785
Etv6	29	0.69805	0.93674	0.999082	401	5	0.31206	0.075217	0.31301	0.927132	134	14	0.31206
Sos1	18	0.70598	0.91163	0.999082	402	5	0.15467	0.022194	0.11223	0.875625	58	8	0.15467
Ylpm1	2	0.70625	0.70475	0.999082	403	0	0.30568	0.31705	0.35151	0.927132	287	1	0.30568
Arid5b	35	0.70736	0.94884	0.999082	404	7	0.013429	0.061905	0.28858	0.927132	117	14	0.013429
Mgam	2	0.71041	0.70888	0.999082	405	0	0.21653	0.51319	0.51506	0.96775	357	1	0.21653
safe_target	313	0.71163	0.9759	0.999082	406	75	0.20344	1.1e-06	2.4868e-05	0.011962	1	144	0.20344
Ddr2	37	0.71276	0.95311	0.999082	407	11	-0.0584	0.63665	0.93411	0.999886	388	10	-0.0584
Stat6	2	0.718	0.71638	0.999082	408	0	0.034828	0.68271	0.68059	0.999886	400	0	0.034828
Cd276	3	0.7197	0.72108	0.999082	409	0	0.3499	0.23074	0.35141	0.927132	244	2	0.3499
Stag2	44	0.72056	0.96013	0.999082	410	13	0.33314	0.014764	0.10646	0.875625	41	23	0.33314
Sh2d1a	1	0.72657	0.72823	0.999082	411	0	0.44867	0.27343	0.27415	0.927132	268	1	0.44867
Tmprss2	7	0.72901	0.83715	0.999082	412	2	0.19804	0.95659	0.95681	0.999886	469	1	0.19804
Nbn	2	0.7335	0.73203	0.999082	413	0	0.17605	0.58163	0.58066	0.999886	379	1	0.17605
Dusp4	7	0.73793	0.84429	0.999082	414	1	0.33546	0.16009	0.35627	0.927132	197	4	0.33546
Asxl1	32	0.73828	0.95421	0.999082	415	7	0.092989	0.028152	0.15856	0.875625	68	13	0.092989
Mycn	3	0.73931	0.74028	0.999082	416	0	-0.13747	0.90244	0.9023	0.999886	452	0	-0.13747
Phf6	6	0.73968	0.80783	0.999082	417	1	-0.059447	0.83212	0.86542	0.999886	431	1	-0.059447
Msh2	14	0.74161	0.91102	0.999082	418	3	0.17844	0.20727	0.50557	0.96775	232	7	0.17844
Flt4	86	0.74393	0.9805	0.999082	419	25	-0.11096	0.0096957	0.092923	0.875625	30	27	-0.11096
Ctla4	1	0.74409	0.74576	0.999082	420	0	0.88049	0.25591	0.25605	0.925998	260	1	0.88049
Gab2	3	0.74718	0.74811	0.999082	421	0	0.43782	0.14578	0.24516	0.925998	189	2	0.43782
Aurkb	10	0.7481	0.88092	0.999082	422	2	0.33033	0.074814	0.23506	0.925998	133	6	0.33033
Fat1	108	0.75129	0.98291	0.999082	423	26	0.023782	0.0064354	0.066503	0.875625	21	42	0.023782
Jak3	24	0.75255	0.94614	0.999082	424	5	0.44224	0.002393	0.020168	0.746227	12	15	0.44224
Rfwd2	1	0.75346	0.75514	0.999082	425	0	0.64872	0.24654	0.2466	0.925998	256	1	0.64872
Rel	3	0.75922	0.76015	0.999082	426	0	0.94323	0.080524	0.16014	0.875625	138	2	0.94323
Gna13	5	0.77397	0.79432	0.999082	427	1	0.36803	0.1636	0.32394	0.927132	200	3	0.36803
Chek1	1	0.78147	0.78354	0.999082	428	0	1.258	0.21853	0.2183	0.925998	239	1	1.258
Klf5	2	0.79484	0.79391	0.999082	429	0	0.86902	0.090808	0.15537	0.875625	145	1	0.86902
Rictor	31	0.80372	0.97016	0.999082	430	8	0.084031	0.60424	0.91229	0.999886	382	9	0.084031
Rad51d	2	0.8045	0.80343	0.999082	431	0	0.56022	0.23218	0.28905	0.927132	245	1	0.56022
Mpl	17	0.80767	0.94456	0.999082	432	4	0.044085	0.056838	0.22529	0.925998	107	5	0.044085
Tap1	6	0.80886	0.83893	0.999082	433	1	0.24367	0.030721	0.10231	0.875625	71	3	0.24367
Dtx1	3	0.81087	0.81125	0.999082	434	0	0.028241	0.80772	0.80824	0.999886	424	0	0.028241
Ret	24	0.81541	0.96338	0.999082	435	4	0.2961	0.059883	0.25769	0.925998	112	12	0.2961
Setbp1	2	0.81569	0.81451	0.999082	436	0	0.68131	0.16015	0.23898	0.925998	198	1	0.68131
Msh3	3	0.82256	0.82285	0.999082	437	0	-0.050159	0.50255	0.55053	0.985068	350	1	-0.050159
Akt3	16	0.82355	0.94859	0.999082	438	3	0.19112	0.39187	0.71852	0.999886	318	6	0.19112
Cebpa	6	0.82472	0.8475	0.999082	439	1	0.3486	0.013741	0.051741	0.858192	38	3	0.3486
Ikbke	11	0.83021	0.92384	0.999082	440	2	0.1443	0.019055	0.084289	0.875625	52	3	0.1443
Erbb3	51	0.8362	0.98669	0.999082	441	12	0.15696	0.10416	0.43379	0.959182	159	22	0.15696
Ppm1d	5	0.83978	0.84214	0.999082	442	1	0.37968	0.16581	0.32708	0.927132	202	3	0.37968
Atrx	38	0.84963	0.98413	0.999082	443	5	0.55018	0.0006905	0.007943	0.424508	4	22	0.55018
Sdhaf2	4	0.85108	0.85227	0.999082	444	0	-0.22673	0.16575	0.30877	0.927132	201	1	-0.22673
Setd1b	1	0.85292	0.85363	0.999082	445	0	1.2231	0.14708	0.14739	0.875625	190	1	1.2231
Msi2	9	0.85385	0.92401	0.999082	446	1	0.8184	0.008732	0.041754	0.803208	27	7	0.8184
Parp1	21	0.86567	0.97348	0.999082	447	5	0.28041	0.054777	0.2345	0.925998	103	10	0.28041
Smc1a	6	0.86848	0.8752	0.999082	448	1	-0.11625	0.87999	0.89083	0.999886	444	1	-0.11625
Elf3	4	0.87158	0.87173	0.999082	449	0	0.11235	0.83815	0.83965	0.999886	433	0	0.11235
Abl1	20	0.87499	0.97243	0.999082	450	4	0.028589	0.28966	0.6478	0.999886	277	7	0.028589
Xiap	3	0.87523	0.87627	0.999082	451	0	0.045191	0.38282	0.47922	0.959182	313	1	0.045191
Tet2	19	0.87719	0.97021	0.999082	452	4	0.37528	0.033028	0.15641	0.875625	76	10	0.37528
E2f3	18	0.87828	0.96984	0.999082	453	4	0.45789	0.018979	0.099041	0.875625	51	11	0.45789
Nf2	31	0.87944	0.98532	0.999082	454	7	0.29899	0.031763	0.17383	0.889469	74	16	0.29899
Cdkn2c	3	0.88428	0.88529	0.999082	455	0	0.16502	0.54976	0.58238	0.999886	371	1	0.16502
Ltb	1	0.88607	0.88707	0.999082	456	0	0.97393	0.11393	0.11446	0.875625	164	1	0.97393
Cdc42	2	0.889	0.88866	0.999082	457	0	0.44821	0.111	0.18674	0.907279	162	2	0.44821
Mycs	7	0.89918	0.90913	0.999082	458	1	0.35976	0.17121	0.37345	0.927132	204	4	0.35976
H2-K1	2	0.90377	0.90363	0.999082	459	0	0.60637	0.096231	0.164	0.876475	153	2	0.60637
Nfkbia	2	0.90771	0.90759	0.999082	460	0	0.72729	0.092289	0.1576	0.875625	146	2	0.72729
Eif1ax	2	0.91053	0.91019	0.999082	461	0	0.74235	0.089466	0.15339	0.875625	144	2	0.74235
Il10	3	0.92067	0.92035	0.999082	462	0	0.26235	0.29421	0.4282	0.959182	278	2	0.26235
Tet3	1	0.92149	0.92206	0.999082	463	0	1.0659	0.078506	0.079027	0.875625	137	1	1.0659
Pdcd1lg2	1	0.92595	0.92657	0.999082	464	0	1.2922	0.07405	0.074421	0.875625	131	1	1.2922
Nfe2	4	0.93376	0.93354	0.999082	465	0	0.62441	0.073753	0.16682	0.880461	130	3	0.62441
Nras	7	0.93862	0.93843	0.999082	466	1	0.86189	0.0014066	0.0074854	0.424508	9	5	0.86189
Aplnr	2	0.95078	0.94999	0.999082	467	0	0.91394	0.049217	0.08788	0.875625	95	2	0.91394
Birc3	2	0.95152	0.95076	0.999082	468	0	0.80036	0.048482	0.086527	0.875625	94	2	0.80036
Cenpa	5	0.96023	0.96044	0.999082	469	0	0.11458	0.45966	0.61851	0.999886	343	2	0.11458
Chek2	14	0.97227	0.98922	0.999082	470	2	0.64379	0.013213	0.070025	0.875625	36	8	0.64379
Ncstn	1	0.97232	0.97265	0.999082	471	0	1.7284	0.027679	0.027848	0.803208	67	1	1.7284
Knstrn	2	0.98053	0.98031	0.999082	472	0	1.1367	0.019468	0.036741	0.803208	54	2	1.1367
Dnmt3b	1	0.98214	0.98216	0.999082	473	0	1.9657	0.017861	0.01799	0.721093	46	1	1.9657
Mutyh	3	0.98249	0.98223	0.999082	474	0	1.224	0.017512	0.044868	0.803208	45	3	1.224
Erf	23	0.98488	0.9972	0.999915	475	3	0.31957	0.070456	0.28364	0.927132	128	12	0.31957
Palb2	3	0.98826	0.98828	0.999082	476	0	1.8715	0.002571	0.0070179	0.424508	13	3	1.8715
Fubp1	11	0.98941	0.99002	0.999082	477	0	0.4843	0.02478	0.10318	0.875625	61	7	0.4843
Lyn	12	0.99076	0.99077	0.999082	478	1	0.092474	0.24036	0.53187	0.976451	253	5	0.092474
Gata3	48	0.99488	0.99981	0.999915	479	7	0.19386	0.039277	0.22701	0.925998	83	19	0.19386
Rras2	5	0.99822	0.99828	0.999915	480	0	1.0144	0.0017775	0.0075948	0.424508	10	5	1.0144
Rad50	12	0.99993	0.99992	0.999915	481	0	1.2264	0.00018596	0.0015369	0.369617	2	10	1.2264
